  1.0000000E-10
 -0.9999959    
 -0.9999959    
 -0.9999959    
 -0.9999959    
  1.0000000E-10
  1.0000000E-10
  1.0000000E-10
  1.0000000E-10
  1.0000000E-10
  1.0000000E-10
  1.0000000E-10
  1.0000000E-10
  1.0000000E-10
  1.0000000E-10
  1.0000000E-10
  1.0000000E-10
  1.0000000E-10
  1.0000000E-10
  1.0000000E-10
  1.0000000E-10
  1.0000000E-10
  1.0000000E-10
  1.0000000E-10
  1.0000000E-10
  1.0000000E-10
  1.0000000E-10
  1.0000000E-10
  1.0000000E-10
  1.0000000E-10
  1.0000000E-10
  1.0000000E-10
  1.0000000E-10
  1.0000000E-10
  1.0000000E-10
  1.0000000E-10
  1.0000000E-10
  1.0000000E-10
  1.0000000E-10
  1.0000000E-10
  1.0000000E-10
  1.0000000E-10
  1.0000000E-10
  1.0000000E-10
  1.0000000E-10
   1.000000    
   1.000000    
   1.000000    
   1.000000    
  1.0000000E-10
  1.0000000E-10
 -0.3468786    
 -0.6360371    
 -0.5972100    
 -0.4525223    
 -0.2937894    
 -0.1955376    
 -0.1258254    
 -7.8381009E-02
 -4.7127485E-02
 -2.8215686E-02
 -1.6760135E-02
 -9.9282656E-03
 -5.8422848E-03
 -3.4956154E-03
 -2.1879268E-03
 -1.4203060E-03
 -9.7760907E-04
 -7.5460080E-04
 -5.7058077E-04
 -3.2733553E-04
 -1.6517073E-04
 -4.4040327E-05
  6.8612761E-05
  1.3765240E-04
  1.5714219E-04
  1.3978564E-04
  1.0301850E-04
  6.3213782E-05
  2.4551418E-05
 -1.9711968E-05
 -8.2886261E-05
 -1.9400682E-04
 -4.0204806E-04
 -7.9219200E-04
 -1.5106109E-03
 -2.8151143E-03
 -5.1097660E-03
 -9.1175502E-03
 -1.6090656E-02
 -2.7886918E-02
 -4.5283716E-02
 -5.9908010E-02
  4.4141475E-02
  0.5215327    
  0.9898537    
   1.001106    
  0.9085690    
  0.5845653    
  1.0000000E-10
  1.0000000E-10
 -0.2089279    
 -0.4396211    
 -0.5163305    
 -0.4658081    
 -0.3325987    
 -0.2449643    
 -0.1811778    
 -0.1336959    
 -9.7291633E-02
 -6.8884857E-02
 -4.8358247E-02
 -3.4050636E-02
 -2.4046097E-02
 -1.7279584E-02
 -1.2854805E-02
 -9.9308211E-03
 -7.8964345E-03
 -6.5306458E-03
 -5.3457851E-03
 -3.9031571E-03
 -2.5487083E-03
 -1.3446583E-03
 -2.8606132E-04
  5.2145671E-04
  9.8567177E-04
  1.1562019E-03
  1.1156953E-03
  9.3272154E-04
  6.3220231E-04
  2.0868208E-04
 -3.9029855E-04
 -1.2868885E-03
 -2.6584119E-03
 -4.7518094E-03
 -7.9011368E-03
 -1.2536255E-02
 -1.9048940E-02
 -2.7742911E-02
 -3.8221501E-02
 -4.7338456E-02
 -3.4573331E-02
  8.1234746E-02
  0.3292379    
  0.6588230    
  0.9543747    
  0.9265944    
  0.7392095    
  0.3277992    
  1.0000000E-10
  1.0000000E-10
 -7.1460880E-02
 -0.1796157    
 -0.2451460    
 -0.2649603    
 -0.2502110    
 -0.2186307    
 -0.1841701    
 -0.1514105    
 -0.1220554    
 -9.6832760E-02
 -7.5455941E-02
 -5.7842039E-02
 -4.4504069E-02
 -3.4660399E-02
 -2.7645325E-02
 -2.2687668E-02
 -1.9003369E-02
 -1.6126674E-02
 -1.3534107E-02
 -1.0358875E-02
 -7.0835007E-03
 -4.0400396E-03
 -1.3367196E-03
  8.3683908E-04
  2.2101672E-03
  2.8566932E-03
  2.9504651E-03
  2.6139247E-03
  1.9186098E-03
  8.6535880E-04
 -6.3417340E-04
 -2.7953493E-03
 -5.8682663E-03
 -1.0199699E-02
 -1.6166225E-02
 -2.4083227E-02
 -3.3611152E-02
 -4.2969324E-02
 -4.6516184E-02
 -2.4559086E-02
  6.5593302E-02
  0.2411810    
  0.4754364    
  0.7261755    
  0.8823420    
  0.7882403    
  0.5388883    
  0.1810054    
  1.0000000E-10
  1.0000000E-10
 -3.8765259E-02
 -0.1026017    
 -0.1500434    
 -0.1765300    
 -0.1833845    
 -0.1761558    
 -0.1606109    
 -0.1410551    
 -0.1211185    
 -0.1026376    
 -8.6008608E-02
 -7.1636401E-02
 -5.9337534E-02
 -4.9474463E-02
 -4.1914925E-02
 -3.6187999E-02
 -3.1636864E-02
 -2.7652692E-02
 -2.3789799E-02
 -1.8839467E-02
 -1.3363775E-02
 -8.1037330E-03
 -3.3297911E-03
  6.8417907E-04
  3.3962806E-03
  4.8528509E-03
  5.3199362E-03
  4.9557467E-03
  3.8775578E-03
  2.1135472E-03
 -4.2642385E-04
 -3.9518876E-03
 -8.7192282E-03
 -1.4997659E-02
 -2.2989403E-02
 -3.2460399E-02
 -4.1536935E-02
 -4.4330940E-02
 -2.6731621E-02
  3.7181892E-02
  0.1704093    
  0.3519519    
  0.5570573    
  0.7309068    
  0.7845381    
  0.6459567    
  0.3978534    
  0.1242773    
  1.0000000E-10
  1.0000000E-10
 -2.0192254E-02
 -5.6102868E-02
 -8.7468319E-02
 -0.1112692    
 -0.1258170    
 -0.1312783    
 -0.1293802    
 -0.1223975    
 -0.1123302    
 -0.1006694    
 -8.9059234E-02
 -7.8355141E-02
 -6.8924367E-02
 -6.0861569E-02
 -5.4120429E-02
 -4.8683595E-02
 -4.3995183E-02
 -3.9486628E-02
 -3.4789786E-02
 -2.8334176E-02
 -2.0776762E-02
 -1.3290724E-02
 -6.3028536E-03
 -1.8314579E-04
  4.1841846E-03
  6.7433929E-03
  7.8498404E-03
  7.6779886E-03
  6.3780430E-03
  4.0177749E-03
  5.5372983E-04
 -4.1460483E-03
 -1.0217719E-02
 -1.7759034E-02
 -2.6717501E-02
 -3.6207240E-02
 -4.1539185E-02
 -3.1615213E-02
  1.2605122E-02
  0.1124358    
  0.2563029    
  0.4277199    
  0.5927084    
  0.6975127    
  0.6809818    
  0.5258861    
  0.3086914    
  9.6448861E-02
  1.0000000E-10
  1.0000000E-10
 -1.2086407E-02
 -3.4493446E-02
 -5.5494390E-02
 -7.3697217E-02
 -8.7727882E-02
 -9.6859612E-02
 -0.1011311    
 -0.1012702    
 -9.8374151E-02
 -9.3514815E-02
 -8.7524928E-02
 -8.1060506E-02
 -7.4880175E-02
 -6.9352388E-02
 -6.4553328E-02
 -6.0257372E-02
 -5.5870067E-02
 -5.1143035E-02
 -4.5837846E-02
 -3.8137022E-02
 -2.8816374E-02
 -1.9298436E-02
 -1.0141918E-02
 -1.8279831E-03
  4.3792101E-03
  8.2525872E-03
  1.0231251E-02
  1.0502852E-02
  9.2367446E-03
  6.5469681E-03
  2.4740824E-03
 -2.9838928E-03
 -9.7984485E-03
 -1.7891081E-02
 -2.6934752E-02
 -3.4765832E-02
 -3.2670774E-02
 -5.5905990E-03
  6.4773217E-02
  0.1797674    
  0.3239851    
  0.4749051    
  0.5964215    
  0.6435599    
  0.5829693    
  0.4300157    
  0.2475660    
  7.7768840E-02
  1.0000000E-10
  1.0000000E-10
 -7.3969178E-03
 -2.1629700E-02
 -3.5670049E-02
 -4.8969541E-02
 -6.0820956E-02
 -7.0454910E-02
 -7.7462859E-02
 -8.1801593E-02
 -8.3773248E-02
 -8.3894305E-02
 -8.2732245E-02
 -8.0761462E-02
 -7.8329131E-02
 -7.5694941E-02
 -7.2990678E-02
 -7.0112102E-02
 -6.6692889E-02
 -6.2387053E-02
 -5.6975350E-02
 -4.8008919E-02
 -3.7116840E-02
 -2.5808567E-02
 -1.4631147E-02
 -4.1644801E-03
  3.9432966E-03
  9.2481505E-03
  1.2269105E-02
  1.3219335E-02
  1.2283294E-02
  9.6252542E-03
  5.3827679E-03
 -3.0345615E-04
 -7.2504315E-03
 -1.5232805E-02
 -2.3619978E-02
 -2.7638458E-02
 -1.5312579E-02
  2.9333040E-02
  0.1187536    
  0.2391037    
  0.3743410    
  0.4985332    
  0.5778775    
  0.5802291    
  0.4958932    
  0.3546959    
  0.2025493    
  6.3912176E-02
  1.0000000E-10
  1.0000000E-10
 -4.8246211E-03
 -1.4370807E-02
 -2.4162352E-02
 -3.3903431E-02
 -4.3298818E-02
 -5.2015964E-02
 -5.9596408E-02
 -6.5826133E-02
 -7.0673920E-02
 -7.4272685E-02
 -7.6846600E-02
 -7.8621633E-02
 -7.9758391E-02
 -8.0297761E-02
 -8.0144733E-02
 -7.9056233E-02
 -7.6678902E-02
 -7.2724767E-02
 -6.7023531E-02
 -5.7566356E-02
 -4.5513839E-02
 -3.2546274E-02
 -1.9515246E-02
 -7.0109018E-03
  2.9652063E-03
  9.7355051E-03
  1.3903637E-02
  1.5726477E-02
  1.5412900E-02
  1.3177427E-02
  9.2496648E-03
  3.8919123E-03
 -2.6016824E-03
 -9.8683881E-03
 -1.6584441E-02
 -1.4737120E-02
  1.0254385E-02
  7.3449895E-02
  0.1700341    
  0.2882878    
  0.4080914    
  0.5029066    
  0.5446248    
  0.5151321    
  0.4214458    
  0.2953950    
  0.1679792    
  5.3166248E-02
  1.0000000E-10
  1.0000000E-10
 -3.2719919E-03
 -9.9144047E-03
 -1.6967764E-02
 -2.4305161E-02
 -3.1778067E-02
 -3.9240692E-02
 -4.6568610E-02
 -5.3495094E-02
 -5.9907909E-02
 -6.5772831E-02
 -7.1106866E-02
 -7.5921059E-02
 -8.0157511E-02
 -8.3639279E-02
 -8.6050317E-02
 -8.6960532E-02
 -8.5911155E-02
 -8.2560472E-02
 -7.6744571E-02
 -6.6483974E-02
 -5.3676017E-02
 -3.9289623E-02
 -2.4564337E-02
 -1.0155718E-02
  1.6077021E-03
  9.8251710E-03
  1.5193969E-02
  1.8038087E-02
  1.8604197E-02
  1.7158281E-02
  1.4001953E-02
  9.4840154E-03
  3.9576315E-03
 -2.0773679E-03
 -5.7133986E-03
  3.8632208E-03
  4.1962892E-02
  0.1158362    
  0.2155057    
  0.3262790    
  0.4266796    
  0.4923362    
  0.5029853    
  0.4532219    
  0.3592090    
  0.2484064    
  0.1408987    
  4.4687204E-02
  1.0000000E-10
  1.0000000E-10
 -2.3522626E-03
 -7.2352150E-03
 -1.2574755E-02
 -1.8340813E-02
 -2.4488475E-02
 -3.0965613E-02
 -3.7726410E-02
 -4.4745624E-02
 -5.1904000E-02
 -5.9141912E-02
 -6.6389970E-02
 -7.3526539E-02
 -8.0321826E-02
 -8.6388208E-02
 -9.1174349E-02
 -9.4024658E-02
 -9.4319165E-02
 -9.1632202E-02
 -8.5788719E-02
 -7.5002342E-02
 -6.1313745E-02
 -4.6015162E-02
 -2.9628005E-02
 -1.3414874E-02
  5.0141927E-05
  9.6776849E-03
  1.6271926E-02
  2.0245994E-02
  2.1901082E-02
  2.1551028E-02
  1.9545272E-02
  1.6272726E-02
  1.2118842E-02
  7.8499522E-03
  8.6447839E-03
  2.7088722E-02
  7.7527717E-02
  0.1565605    
  0.2542180    
  0.3532111    
  0.4322735    
  0.4711390    
  0.4580650    
  0.3972773    
  0.3078664    
  0.2110238    
  0.1195350    
  3.7987180E-02
  1.0000000E-10
  1.0000000E-10
 -1.7986221E-03
 -5.6093005E-03
 -9.8845847E-03
 -1.4649220E-02
 -1.9924060E-02
 -2.5728282E-02
 -3.2084044E-02
 -3.9022107E-02
 -4.6551198E-02
 -5.4642830E-02
 -6.3214123E-02
 -7.2080255E-02
 -8.0893479E-02
 -8.9095496E-02
 -9.5918909E-02
 -0.1004868    
 -0.1020041    
 -9.9950701E-02
 -9.4097950E-02
 -8.2927965E-02
 -6.8571515E-02
 -5.2176334E-02
 -3.4485441E-02
 -1.6617158E-02
 -1.5391456E-03
  9.4631342E-03
  1.7296595E-02
  2.2477115E-02
  2.5373105E-02
  2.6346510E-02
  2.5770787E-02
  2.4017764E-02
  2.1530181E-02
  1.9704534E-02
  2.6238935E-02
  5.5525418E-02
  0.1125120    
  0.1933899    
  0.2852226    
  0.3696857    
  0.4273347    
  0.4432472    
  0.4135520    
  0.3483758    
  0.2657894    
  0.1811580    
  0.1025771    
  3.2664154E-02
  1.0000000E-10
  1.0000000E-10
 -1.4861868E-03
 -4.6878261E-03
 -8.3535342E-03
 -1.2539204E-02
 -1.7305275E-02
 -2.2717994E-02
 -2.8850289E-02
 -3.5781931E-02
 -4.3591019E-02
 -5.2294530E-02
 -6.1827932E-02
 -7.1984522E-02
 -8.2342245E-02
 -9.2210241E-02
 -0.1006447    
 -0.1065812    
 -0.1090746    
 -0.1075277    
 -0.1016110    
 -9.0204373E-02
 -7.5290531E-02
 -5.7976253E-02
 -3.9185159E-02
 -1.9693801E-02
 -3.0477135E-03
  9.3159005E-03
  1.8407231E-02
  2.4845826E-02
  2.9070947E-02
  3.1467691E-02
  3.2424681E-02
  3.2285146E-02
  3.1655230E-02
  3.3598918E-02
  4.7750261E-02
  8.4103592E-02
  0.1456173    
  0.2252720    
  0.3083586    
  0.3768831    
  0.4144812    
  0.4119888    
  0.3717760    
  0.3064911    
  0.2313593    
  0.1571554    
  8.9011230E-02
  2.8402239E-02
  1.0000000E-10
  1.0000000E-10
 -1.3326309E-03
 -4.2390167E-03
 -7.6156850E-03
 -1.1537499E-02
 -1.6090089E-02
 -2.1370674E-02
 -2.7487863E-02
 -3.4558780E-02
 -4.2695198E-02
 -5.1946819E-02
 -6.2263653E-02
 -7.3422737E-02
 -8.4944665E-02
 -9.6036762E-02
 -0.1056218    
 -0.1125029    
 -0.1156381    
 -0.1143905    
 -0.1083361    
 -9.6758805E-02
 -8.1385605E-02
 -6.3256465E-02
 -4.3341156E-02
 -2.2488752E-02
 -4.3575154E-03
  9.3508139E-03
  1.9714300E-02
  2.7444176E-02
  3.3053346E-02
  3.7056625E-02
  3.9773494E-02
  4.1564807E-02
  4.3549873E-02
  4.9915671E-02
  7.0086323E-02
  0.1121945    
  0.1759160    
  0.2516614    
  0.3239731    
  0.3763172    
  0.3962116    
  0.3798969    
  0.3339071    
  0.2709779    
  0.2030919    
  0.1376888    
  7.8037843E-02
  2.4949702E-02
  1.0000000E-10
  1.0000000E-10
 -1.2925414E-03
 -4.1324259E-03
 -7.4606524E-03
 -1.1364971E-02
 -1.5948042E-02
 -2.1328134E-02
 -2.7638206E-02
 -3.5021085E-02
 -4.3596484E-02
 -5.3425834E-02
 -6.4454801E-02
 -7.6430693E-02
 -8.8814601E-02
 -0.1007286    
 -0.1110044    
 -0.1183770    
 -0.1217751    
 -0.1205674    
 -0.1142987    
 -0.1025459    
 -8.6787671E-02
 -6.7962050E-02
 -4.7079362E-02
 -2.4966203E-02
 -5.4035559E-03
  9.6393442E-03
  2.1281313E-02
  3.0334190E-02
  3.7511460E-02
  4.3087207E-02
  4.7412999E-02
  5.1108945E-02
  5.5704568E-02
  6.6486552E-02
  9.2426613E-02
  0.1389323    
  0.2026812    
  0.2723640    
  0.3327288    
  0.3695900    
  0.3746582    
  0.3486464    
  0.3002479    
  0.2409035    
  0.1796779    
  0.1216851    
  6.9020018E-02
  2.2104042E-02
  1.0000000E-10
  1.0000000E-10
 -1.3409801E-03
 -4.2953570E-03
 -7.7693476E-03
 -1.1860775E-02
 -1.6684629E-02
 -2.2373624E-02
 -2.9076502E-02
 -3.6942072E-02
 -4.6085835E-02
 -5.6558780E-02
 -6.8277232E-02
 -8.0936648E-02
 -9.3926430E-02
 -0.1062946    
 -0.1168234    
 -0.1242431    
 -0.1275217    
 -0.1260810    
 -0.1195098    
 -0.1075489    
 -9.1446050E-02
 -7.2016738E-02
 -5.0264582E-02
 -2.7026718E-02
 -6.1207851E-03
  1.0226618E-02
  2.3167249E-02
  3.3673231E-02
  4.2284980E-02
  4.9352173E-02
  5.5288993E-02
  6.0985249E-02
  6.8297647E-02
  8.3537906E-02
  0.1145092    
  0.1637876    
  0.2255410    
  0.2875139    
  0.3354900    
  0.3582264    
  0.3514640    
  0.3191481    
  0.2705506    
  0.2152660    
  0.1600048    
  0.1082868    
  6.1457865E-02
  1.9707292E-02
  1.0000000E-10
  1.0000000E-10
 -1.4661966E-03
 -4.6927347E-03
 -8.4829135E-03
 -1.2942710E-02
 -1.8196154E-02
 -2.4385285E-02
 -3.1666476E-02
 -4.0172167E-02
 -5.0006054E-02
 -6.1186358E-02
 -7.3575035E-02
 -8.6792633E-02
 -0.1001468    
 -0.1126244    
 -0.1229980    
 -0.1300552    
 -0.1328650    
 -0.1309391    
 -0.1239761    
 -0.1117592    
 -9.5331758E-02
 -7.5368941E-02
 -5.2839067E-02
 -2.8626634E-02
 -6.4869160E-03
  1.1112819E-02
  2.5361663E-02
  3.7259620E-02
  4.7246877E-02
  5.5701096E-02
  6.3393399E-02
  7.0837423E-02
  8.1065953E-02
  0.1007125    
  0.1358470    
  0.1862953    
  0.2442965    
  0.2974132    
  0.3331590    
  0.3435194    
  0.3277331    
  0.2917099    
  0.2442636    
  0.1931034    
  0.1431419    
  9.6807055E-02
  5.4956775E-02
  1.7635310E-02
  1.0000000E-10
  1.0000000E-10
 -1.6643030E-03
 -5.3120428E-03
 -9.5790336E-03
 -1.4577692E-02
 -2.0437988E-02
 -2.7305800E-02
 -3.5319295E-02
 -4.4601165E-02
 -5.5222239E-02
 -6.7146145E-02
 -8.0157094E-02
 -9.3783960E-02
 -0.1072512    
 -0.1195051    
 -0.1293527    
 -0.1356937    
 -0.1377447    
 -0.1351306    
 -0.1276910    
 -0.1151730    
 -9.8428123E-02
 -7.7987030E-02
 -5.4782107E-02
 -2.9712381E-02
 -6.4935242E-03
  1.2289728E-02
  2.7844556E-02
  4.1034192E-02
  5.2264910E-02
  6.2216099E-02
  7.1317524E-02
  8.0543026E-02
  9.3919635E-02
  0.1177807    
  0.1560729    
  0.2061229    
  0.2588791    
  0.3024354    
  0.3265567    
  0.3264427    
  0.3040672    
  0.2662183    
  0.2207015    
  0.1735444    
  0.1283196    
  8.6697280E-02
  4.9205303E-02
  1.5790587E-02
  1.0000000E-10
  1.0000000E-10
 -1.9349996E-03
 -6.1503095E-03
 -1.1049097E-02
 -1.6747508E-02
 -2.3376761E-02
 -3.1073503E-02
 -3.9958365E-02
 -5.0124336E-02
 -6.1590955E-02
 -7.4247092E-02
 -8.7782986E-02
 -0.1016289    
 -0.1149367    
 -0.1266446    
 -0.1356414    
 -0.1409843    
 -0.1420649    
 -0.1386271    
 -0.1306301    
 -0.1177918    
 -0.1007275    
 -7.9855569E-02
 -5.6093838E-02
 -3.0329365E-02
 -6.1391182E-03
  1.3758027E-02
  3.0522814E-02
  4.4831488E-02
  5.7355475E-02
  6.8635248E-02
  7.8890316E-02
  9.0104260E-02
  0.1068582    
  0.1345825    
  0.1748963    
  0.2230206    
  0.2692791    
  0.3029361    
  0.3163339    
  0.3076143    
  0.2806483    
  0.2422936    
  0.1991432    
  0.1558197    
  0.1148994    
  7.7512562E-02
  4.3952432E-02
  1.4094436E-02
  1.0000000E-10
  1.0000000E-10
 -2.2792653E-03
 -7.2081424E-03
 -1.2890118E-02
 -1.9440930E-02
 -2.6986782E-02
 -3.5640515E-02
 -4.5499615E-02
 -5.6610391E-02
 -6.8923555E-02
 -8.2237668E-02
 -9.6139751E-02
 -0.1099673    
 -0.1228252    
 -0.1336859    
 -0.1415659    
 -0.1457133    
 -0.1457015    
 -0.1413808    
 -0.1327337    
 -0.1196425    
 -0.1022406    
 -8.0973119E-02
 -5.6770083E-02
 -3.0500881E-02
 -5.4905149E-03
  1.5441530E-02
  3.3202868E-02
  4.8720479E-02
  6.2476978E-02
  7.4593730E-02
  8.6089090E-02
  9.9626653E-02
  0.1199310    
  0.1509776    
  0.1920401    
  0.2367397    
  0.2754524    
  0.2991563    
  0.3028955    
  0.2872933    
  0.2573263    
  0.2193948    
  0.1788752    
  0.1392492    
  0.1023423    
  6.8884924E-02
  3.8993329E-02
  1.2483529E-02
  1.0000000E-10
  1.0000000E-10
 -2.6963777E-03
 -8.4799156E-03
 -1.5086661E-02
 -2.2626279E-02
 -3.1203499E-02
 -4.0909745E-02
 -5.1800109E-02
 -6.3858479E-02
 -7.6951988E-02
 -9.0779066E-02
 -0.1048263    
 -0.1183587    
 -0.1304725    
 -0.1402227    
 -0.1467946    
 -0.1496421    
 -0.1485084    
 -0.1433202    
 -0.1340429    
 -0.1206047    
 -0.1030134    
 -8.1371352E-02
 -5.6842260E-02
 -3.0298777E-02
 -4.6840170E-03
  1.7034326E-02
  3.6253907E-02
  5.2726157E-02
  6.7104891E-02
  8.0050208E-02
  9.3038149E-02
  0.1093282    
  0.1332297    
  0.1668088    
  0.2071658    
  0.2469340    
  0.2772160    
  0.2911282    
  0.2863450    
  0.2653965    
  0.2336943    
  0.1968796    
  0.1592022    
  0.1232201    
  9.0178214E-02
  6.0497589E-02
  3.4151420E-02
  1.0902583E-02
  1.0000000E-10
  1.0000000E-10
 -3.1798512E-03
 -9.9416673E-03
 -1.7590269E-02
 -2.6220888E-02
 -3.5911936E-02
 -4.6716578E-02
 -5.8633205E-02
 -7.1569562E-02
 -8.5299589E-02
 -9.9422120E-02
 -0.1133391    
 -0.1262777    
 -0.1373735    
 -0.1458111    
 -0.1509729    
 -0.1525146    
 -0.1503159    
 -0.1443410    
 -0.1345142    
 -0.1206959    
 -0.1028531    
 -8.1114762E-02
 -5.6402303E-02
 -2.9815124E-02
 -3.4646243E-03
  1.9553566E-02
  3.9254274E-02
  5.6228038E-02
  7.1194090E-02
  8.5104652E-02
  0.1000470    
  0.1195545    
  0.1468507    
  0.1818093    
  0.2197466    
  0.2530276    
  0.2741316    
  0.2785917    
  0.2664558    
  0.2415390    
  0.2091612    
  0.1740562    
  0.1394642    
  0.1071865    
  7.8003153E-02
  5.2083939E-02
  2.9280890E-02
  9.3071675E-03
  1.0000000E-10
  1.0000000E-10
 -3.7171077E-03
 -1.1551238E-02
 -2.0321690E-02
 -3.0096307E-02
 -4.0920403E-02
 -5.2795392E-02
 -6.5650716E-02
 -7.9309039E-02
 -9.3450099E-02
 -0.1075856    
 -0.1210626    
 -0.1331145    
 -0.1429666    
 -0.1499727    
 -0.1537222    
 -0.1540474    
 -0.1509183    
 -0.1442937    
 -0.1340394    
 -0.1199473    
 -0.1019292    
 -8.0016106E-02
 -5.5213846E-02
 -2.8614605E-02
 -2.1182485E-03
  2.1587929E-02
  4.1792281E-02
  5.9219033E-02
  7.4833728E-02
  9.0113364E-02
  0.1076831    
  0.1307372    
  0.1607403    
  0.1953790    
  0.2288356    
  0.2540217    
  0.2653721    
  0.2609239    
  0.2426706    
  0.2150904    
  0.1830178    
  0.1502229    
  0.1190495    
  9.0666458E-02
  6.5470003E-02
  4.3418802E-02
  2.4259601E-02
  7.6601366E-03
  1.0000000E-10
  1.0000000E-10
 -4.2816806E-03
 -1.3223513E-02
 -2.3126701E-02
 -3.4025125E-02
 -4.5916688E-02
 -5.8740381E-02
 -7.2348900E-02
 -8.6478829E-02
 -0.1007265    
 -0.1145422    
 -0.1272582    
 -0.1381641    
 -0.1466204    
 -0.1521740    
 -0.1546109    
 -0.1538977    
 -0.1500402    
 -0.1429569    
 -0.1324468    
 -0.1182397    
 -0.1002278    
 -7.8342222E-02
 -5.3640135E-02
 -2.7136622E-02
 -5.2422815E-04
  2.3442196E-02
  4.3928787E-02
  6.1818536E-02
  7.8443237E-02
  9.5848329E-02
  0.1167521    
  0.1431512    
  0.1743282    
  0.2062335    
  0.2328203    
  0.2483834    
  0.2497293    
  0.2372415    
  0.2142787    
  0.1853962    
  0.1546609    
  0.1248735    
  9.7579017E-02
  7.3407352E-02
  5.2430429E-02
  3.4428865E-02
  1.9060735E-02
  5.9584118E-03
  1.0000000E-10
  1.0000000E-10
 -4.8254537E-03
 -1.4810851E-02
 -2.5748720E-02
 -3.7630875E-02
 -5.0399899E-02
 -6.3927300E-02
 -7.7989884E-02
 -9.2248522E-02
 -0.1062386    
 -0.1193841    
 -0.1310482    
 -0.1406233    
 -0.1476377    
 -0.1518353    
 -0.1531671    
 -0.1516790    
 -0.1473611    
 -0.1400705    
 -0.1295481    
 -0.1154725    
 -9.7747669E-02
 -7.6135635E-02
 -5.1736712E-02
 -2.5408629E-02
  1.3387102E-03
  2.5356667E-02
  4.6059452E-02
  6.4765334E-02
  8.3236210E-02
  0.1037056    
  0.1280487    
  0.1563158    
  0.1858550    
  0.2118679    
  0.2291119    
  0.2339372    
  0.2256361    
  0.2064915    
  0.1805365    
  0.1518874    
  0.1236586    
  9.7708404E-02
  7.4873447E-02
  5.5323508E-02
  3.8860884E-02
  2.5122877E-02
  1.3701753E-02
  4.2121150E-03
  1.0000000E-10
  1.0000000E-10
 -5.2665104E-03
 -1.6071815E-02
 -2.7785474E-02
 -4.0353589E-02
 -5.3662229E-02
 -6.7518651E-02
 -8.1633791E-02
 -9.5612146E-02
 -0.1089580    
 -0.1211091    
 -0.1315032    
 -0.1396713    
 -0.1453254    
 -0.1483887    
 -0.1489279    
 -0.1470070    
 -0.1425569    
 -0.1353699    
 -0.1251573    
 -0.1115409    
 -9.4472125E-02
 -7.3364943E-02
 -4.9491558E-02
 -2.3710418E-02
  2.8708146E-03
  2.7420703E-02
  4.8986003E-02
  6.9401316E-02
  9.0498522E-02
  0.1137868    
  0.1395803    
  0.1663648    
  0.1908669    
  0.2087996    
  0.2156090    
  0.2100237    
  0.1936809    
  0.1700422    
  0.1431327    
  0.1162815    
  9.1613524E-02
  7.0149235E-02
  5.2139167E-02
  3.7390001E-02
  2.5501255E-02
  1.6010998E-02
  8.4834797E-03
  2.5203100E-03
  1.0000000E-10
  1.0000000E-10
 -5.5062803E-03
 -1.6720669E-02
 -2.8768679E-02
 -4.1554928E-02
 -5.4917932E-02
 -6.8615422E-02
 -8.2314618E-02
 -9.5593557E-02
 -0.1079621    
 -0.1189099    
 -0.1279813    
 -0.1348591    
 -0.1394214    
 -0.1417223    
 -0.1418777    
 -0.1399108    
 -0.1356705    
 -0.1289010    
 -0.1193163    
 -0.1064105    
 -9.0369895E-02
 -7.0803180E-02
 -4.7902402E-02
 -2.2414811E-02
  4.7067665E-03
  3.0308316E-02
  5.3297423E-02
  7.5629480E-02
  9.8676927E-02
  0.1229170    
  0.1475081    
  0.1702125    
  0.1877486    
  0.1964667    
  0.1932247    
  0.1789984    
  0.1571505    
  0.1315570    
  0.1057216    
  8.2029104E-02
  6.1684299E-02
  4.5009591E-02
  3.1801030E-02
  2.1605486E-02
  1.3909555E-02
  8.2204128E-03
  4.0790159E-03
  1.1111870E-03
  1.0000000E-10
  1.0000000E-10
 -5.4972246E-03
 -1.6627118E-02
 -2.8497688E-02
 -4.0983740E-02
 -5.3893540E-02
 -6.6958532E-02
 -7.9830945E-02
 -9.2094973E-02
 -0.1032981    
 -0.1130064    
 -0.1208771    
 -0.1267268    
 -0.1305537    
 -0.1324781    
 -0.1326066    
 -0.1308888    
 -0.1270891    
 -0.1209251    
 -0.1121719    
 -0.1007559    
 -8.6020216E-02
 -6.7663893E-02
 -4.5722704E-02
 -2.0578818E-02
  7.0990832E-03
  3.3952188E-02
  5.8374934E-02
  8.2025915E-02
  0.1056285    
  0.1288256    
  0.1501230    
  0.1670759    
  0.1767356    
  0.1763013    
  0.1640030    
  0.1436998    
  0.1192356    
  9.4239391E-02
  7.1342357E-02
  5.1927529E-02
  3.6374178E-02
  2.4449866E-02
  1.5667675E-02
  9.4735213E-03
  5.2803359E-03
  2.5749514E-03
  9.6193684E-04
  1.3924800E-04
  1.0000000E-10
  1.0000000E-10
 -5.2402653E-03
 -1.5803812E-02
 -2.7010387E-02
 -3.8720224E-02
 -5.0731450E-02
 -6.2773325E-02
 -7.4509755E-02
 -8.5556731E-02
 -9.5518909E-02
 -0.1040453    
 -0.1108943    
 -0.1159815    
 -0.1193745    
 -0.1212093    
 -0.1215483    
 -0.1202592    
 -0.1170347    
 -0.1117005    
 -0.1042632    
 -9.4056554E-02
 -8.0622636E-02
 -6.3571066E-02
 -4.2695712E-02
 -1.8071277E-02
  9.8706484E-03
  3.7713043E-02
  6.3059293E-02
  8.7033600E-02
  0.1097512    
  0.1303095    
  0.1469342    
  0.1572894    
  0.1589569    
  0.1500834    
  0.1307112    
  0.1073195    
  8.3077066E-02
  6.0845912E-02
  4.2186439E-02
  2.7531970E-02
  1.6672032E-02
  9.1387853E-03
  4.2141522E-03
  1.2036593E-03
 -4.1823319E-04
 -1.0482838E-03
 -9.8437280E-04
 -4.4877690E-04
  1.0000000E-10
  1.0000000E-10
 -4.7634738E-03
 -1.4341036E-02
 -2.4469858E-02
 -3.5012286E-02
 -4.5775667E-02
 -5.6508720E-02
 -6.6907972E-02
 -7.6638065E-02
 -8.5368320E-02
 -9.2824489E-02
 -9.8842032E-02
 -0.1033978    
 -0.1065860    
 -0.1085259    
 -0.1092239    
 -0.1084788    
 -0.1059532    
 -0.1017249    
 -9.5390588E-02
 -8.6424299E-02
 -7.4321225E-02
 -5.8606029E-02
 -3.8925335E-02
 -1.5122304E-02
  1.2681126E-02
  4.0934883E-02
  6.6443965E-02
  8.9706153E-02
  0.1103428    
  0.1271494    
  0.1383300    
  0.1418657    
  0.1359961    
  0.1198677    
  9.6378379E-02
  7.2819903E-02
  5.1144507E-02
  3.3070233E-02
  1.9108681E-02
  9.3275448E-03
  2.9760504E-03
 -8.9687540E-04
 -2.9875527E-03
 -3.8123878E-03
 -3.7537974E-03
 -3.0948238E-03
 -2.0442016E-03
 -7.5483433E-04
  1.0000000E-10
  1.0000000E-10
 -4.1197757E-03
 -1.2397632E-02
 -2.1145664E-02
 -3.0249590E-02
 -3.9535854E-02
 -4.8788790E-02
 -5.7751562E-02
 -6.6145547E-02
 -7.3703602E-02
 -8.0214024E-02
 -8.5563749E-02
 -8.9757241E-02
 -9.2886090E-02
 -9.5038615E-02
 -9.6174113E-02
 -9.6046165E-02
 -9.4364882E-02
 -9.1105849E-02
 -8.5848689E-02
 -7.8095533E-02
 -6.7310140E-02
 -5.2956246E-02
 -3.4576040E-02
 -1.1854914E-02
  1.5298378E-02
  4.3248240E-02
  6.8110265E-02
  8.9747943E-02
  0.1074141    
  0.1197893    
  0.1252403    
  0.1221970    
  0.1096478    
  8.7837756E-02
  6.3870355E-02
  4.2494513E-02
  2.4736015E-02
  1.1684190E-02
  3.1448167E-03
 -2.1736890E-03
 -5.1976186E-03
 -6.6002710E-03
 -6.8706316E-03
 -6.3656415E-03
 -5.3464337E-03
 -4.0039252E-03
 -2.4770044E-03
 -8.6562458E-04
  1.0000000E-10
  1.0000000E-10
 -3.3837350E-03
 -1.0192641E-02
 -1.7401768E-02
 -2.4923915E-02
 -3.2631729E-02
 -4.0344350E-02
 -4.7858480E-02
 -5.4953955E-02
 -6.1420657E-02
 -6.7094266E-02
 -7.1890667E-02
 -7.5818591E-02
 -7.8951083E-02
 -8.1345543E-02
 -8.2937211E-02
 -8.3466157E-02
 -8.2591765E-02
 -8.0216728E-02
 -7.5979143E-02
 -6.9388397E-02
 -5.9894897E-02
 -4.6930131E-02
 -2.9961105E-02
 -8.5469978E-03
  1.7518664E-02
  4.4507150E-02
  6.8000905E-02
  8.7299228E-02
  0.1014046    
  0.1090238    
  0.1088070    
  9.9703915E-02
  8.1465274E-02
  5.6984060E-02
  3.5340045E-02
  1.7833829E-02
  5.9081637E-03
 -1.6418624E-03
 -6.1497926E-03
 -8.5397474E-03
 -9.4575724E-03
 -9.3628010E-03
 -8.5856477E-03
 -7.3650358E-03
 -5.8743935E-03
 -4.2391787E-03
 -2.5492876E-03
 -8.6799054E-04
  1.0000000E-10
  1.0000000E-10
 -2.6370622E-03
 -7.9624290E-03
 -1.3625007E-02
 -1.9564912E-02
 -2.5700109E-02
 -3.1917024E-02
 -3.8043890E-02
 -4.3915216E-02
 -4.9370751E-02
 -5.4282468E-02
 -5.8580864E-02
 -6.2266648E-02
 -6.5388717E-02
 -6.7982391E-02
 -6.9979258E-02
 -7.1133219E-02
 -7.0998237E-02
 -6.9421545E-02
 -6.6122629E-02
 -6.0622081E-02
 -5.2371521E-02
 -4.0785749E-02
 -2.5264682E-02
 -5.3987969E-03
  1.9231305E-02
  4.4722077E-02
  6.6284306E-02
  8.2749993E-02
  9.2973679E-02
  9.5785849E-02
  9.0180941E-02
  7.5645827E-02
  5.2714199E-02
  2.9584510E-02
  1.2371497E-02
  1.5039807E-03
 -5.2292561E-03
 -9.1157556E-03
 -1.1041756E-02
 -1.1623196E-02
 -1.1291761E-02
 -1.0353604E-02
 -9.0283705E-03
 -7.4745612E-03
 -5.8063758E-03
 -4.1052746E-03
 -2.4281673E-03
 -8.1357430E-04
  1.0000000E-10
  1.0000000E-10
 -1.9616438E-03
 -5.9431917E-03
 -1.0201452E-02
 -1.4697860E-02
 -1.9377392E-02
 -2.4171455E-02
 -2.9007262E-02
 -3.3761621E-02
 -3.8285200E-02
 -4.2473264E-02
 -4.6271309E-02
 -4.9671855E-02
 -5.2704796E-02
 -5.5393875E-02
 -5.7682965E-02
 -5.9357285E-02
 -5.9896577E-02
 -5.9036084E-02
 -5.6584939E-02
 -5.2101642E-02
 -4.5051165E-02
 -3.4841567E-02
 -2.0814247E-02
 -2.5163861E-03
  2.0402627E-02
  4.3995526E-02
  6.3235529E-02
  7.6583706E-02
  8.2814336E-02
  8.0927059E-02
  7.0272051E-02
  5.0780918E-02
  2.6329963E-02
  9.0454416E-03
 -1.4777582E-03
 -7.8006200E-03
 -1.1355691E-02
 -1.3031440E-02
 -1.3428993E-02
 -1.2965095E-02
 -1.1933798E-02
 -1.0545079E-02
 -8.9504356E-03
 -7.2588199E-03
 -5.5475994E-03
 -3.8705806E-03
 -2.2637995E-03
 -7.4999902E-04
  1.0000000E-10
  1.0000000E-10
 -1.4184144E-03
 -4.3130722E-03
 -7.4279727E-03
 -1.0739396E-02
 -1.4210611E-02
 -1.7792163E-02
 -2.1425739E-02
 -2.5053909E-02
 -2.8637599E-02
 -3.2111008E-02
 -3.5407376E-02
 -3.8475949E-02
 -4.1312452E-02
 -4.3952763E-02
 -4.6365999E-02
 -4.8389997E-02
 -4.9531586E-02
 -4.9317800E-02
 -4.7615495E-02
 -4.4055078E-02
 -3.8102821E-02
 -2.9126080E-02
 -1.6639942E-02
  4.0307561E-05
  2.1050096E-02
  4.2478558E-02
  5.9174165E-02
  6.9311194E-02
  7.1617328E-02
  6.5250561E-02
  4.9907215E-02
  2.5834255E-02
  7.7521163E-03
 -3.0568237E-03
 -9.4729336E-03
 -1.3060386E-02
 -1.4754587E-02
 -1.5161061E-02
 -1.4693591E-02
 -1.3644637E-02
 -1.2226020E-02
 -1.0592279E-02
 -8.8555953E-03
 -7.0964461E-03
 -5.3711231E-03
 -3.7174588E-03
 -2.1593380E-03
 -7.1041583E-04
  1.0000000E-10
  1.0000000E-10
 -1.0083580E-03
 -3.0778379E-03
 -5.3197481E-03
 -7.7217990E-03
 -1.0262260E-02
 -1.2909236E-02
 -1.5621386E-02
 -1.8351037E-02
 -2.1050988E-02
 -2.3686275E-02
 -2.6249053E-02
 -2.8775016E-02
 -3.1296842E-02
 -3.3789605E-02
 -3.6205057E-02
 -3.8415901E-02
 -4.0063154E-02
 -4.0445842E-02
 -3.9384924E-02
 -3.6599062E-02
 -3.1593621E-02
 -2.3891466E-02
 -1.2803098E-02
  2.2196427E-03
  2.1212820E-02
  4.0327720E-02
  5.4398295E-02
  6.1367646E-02
  5.9880741E-02
  4.9128525E-02
  2.8910667E-02
  8.7349033E-03
 -3.0615621E-03
 -1.0067264E-02
 -1.4065113E-02
 -1.6067682E-02
 -1.6706981E-02
 -1.6404886E-02
 -1.5459515E-02
 -1.4090049E-02
 -1.2459952E-02
 -1.0691110E-02
 -8.8731823E-03
 -7.0705633E-03
 -5.3279093E-03
 -3.6745288E-03
 -2.1282211E-03
 -6.9821940E-04
  1.0000000E-10
  1.0000000E-10
 -6.9027493E-04
 -2.1190057E-03
 -3.6820043E-03
 -5.3758011E-03
 -7.1909758E-03
 -9.1113457E-03
 -1.1113879E-02
 -1.3169973E-02
 -1.5249151E-02
 -1.7323174E-02
 -1.9372866E-02
 -2.1394510E-02
 -2.3401603E-02
 -2.5413081E-02
 -2.7431861E-02
 -2.9421793E-02
 -3.1237418E-02
 -3.2185536E-02
 -3.1718239E-02
 -2.9696731E-02
 -2.5685491E-02
 -1.9094238E-02
 -9.3620131E-03
  4.0038708E-03
  2.0950440E-02
  3.7685044E-02
  4.9135812E-02
  5.3076323E-02
  4.7966149E-02
  3.2965489E-02
  1.2461434E-02
 -1.3191750E-03
 -9.4319796E-03
 -1.4157416E-02
 -1.6693734E-02
 -1.7744256E-02
 -1.7760700E-02
 -1.7053237E-02
 -1.5847931E-02
 -1.4315235E-02
 -1.2585442E-02
 -1.0757961E-02
 -8.9072809E-03
 -7.0874994E-03
 -5.3365189E-03
 -3.6793933E-03
 -2.1311606E-03
 -6.9945049E-04
  1.0000000E-10
  1.0000000E-10
 -4.4534256E-04
 -1.3796908E-03
 -2.4172342E-03
 -3.5601696E-03
 -4.8073097E-03
 -6.1531556E-03
 -7.5875046E-03
 -9.0959016E-03
 -1.0660865E-02
 -1.2265500E-02
 -1.3897634E-02
 -1.5554190E-02
 -1.7240351E-02
 -1.8961530E-02
 -2.0708393E-02
 -2.2441007E-02
 -2.4057515E-02
 -2.5211111E-02
 -2.5194475E-02
 -2.3701372E-02
 -2.0412261E-02
 -1.4827077E-02
 -6.3865497E-03
  5.3684819E-03
  2.0301992E-02
  3.4688067E-02
  4.3665152E-02
  4.4703785E-02
  3.6087718E-02
  1.8301109E-02
  2.6640224E-03
 -7.2753872E-03
 -1.3110020E-02
 -1.6369587E-02
 -1.7941285E-02
 -1.8363802E-02
 -1.7985525E-02
 -1.7045148E-02
 -1.5716301E-02
 -1.4131225E-02
 -1.2393119E-02
 -1.0582361E-02
 -8.7608108E-03
 -6.9744261E-03
 -5.2560726E-03
 -3.6280083E-03
 -2.1041194E-03
 -6.9172087E-04
  1.0000000E-10
  1.0000000E-10
 -2.6784567E-04
 -8.4143534E-04
 -1.4924133E-03
 -2.2262877E-03
 -3.0469429E-03
 -3.9557642E-03
 -4.9511781E-03
 -6.0280194E-03
 -7.1782917E-03
 -8.3922092E-03
 -9.6605187E-03
 -1.0977596E-02
 -1.2342472E-02
 -1.3756553E-02
 -1.5211155E-02
 -1.6673233E-02
 -1.8068383E-02
 -1.9211274E-02
 -1.9533619E-02
 -1.8515656E-02
 -1.5876425E-02
 -1.1189176E-02
 -3.9409664E-03
  6.2751966E-03
  1.9260077E-02
  3.1406444E-02
  3.7915651E-02
  3.6075715E-02
  2.4509370E-02
  8.6813895E-03
 -3.3282388E-03
 -1.0755696E-02
 -1.4993530E-02
 -1.7185712E-02
 -1.8045971E-02
 -1.8017203E-02
 -1.7378816E-02
 -1.6315874E-02
 -1.4959256E-02
 -1.3408789E-02
 -1.1742696E-02
 -1.0023859E-02
 -8.3018262E-03
 -6.6147465E-03
 -4.9906941E-03
 -3.4493429E-03
 -2.0033401E-03
 -6.5970398E-04
  1.0000000E-10
  1.0000000E-10
 -1.4407113E-04
 -4.6403910E-04
 -8.4067037E-04
 -1.2809964E-03
 -1.7915587E-03
 -2.3778894E-03
 -3.0436551E-03
 -3.7901390E-03
 -4.6157888E-03
 -5.5165766E-03
 -6.4867223E-03
 -7.5202878E-03
 -8.6128572E-03
 -9.7587770E-03
 -1.0948179E-02
 -1.2152283E-02
 -1.3310569E-02
 -1.4304239E-02
 -1.4790082E-02
 -1.4183866E-02
 -1.2109350E-02
 -8.2163122E-03
 -2.0589358E-03
  6.7084003E-03
  1.7822530E-02
  2.7855020E-02
  3.2033142E-02
  2.7768869E-02
  1.5612423E-02
  2.4256867E-03
 -6.9007003E-03
 -1.2481966E-02
 -1.5485276E-02
 -1.6841089E-02
 -1.7155208E-02
 -1.6799450E-02
 -1.5999677E-02
 -1.4896689E-02
 -1.3585990E-02
 -1.2138279E-02
 -1.0610560E-02
 -9.0496102E-03
 -7.4932440E-03
 -5.9715230E-03
 -4.5073116E-03
 -3.1170158E-03
 -1.8115155E-03
 -5.9706636E-04
  1.0000000E-10
  1.0000000E-10
 -6.2153180E-05
 -2.1233171E-04
 -4.0290711E-04
 -6.4123003E-04
 -9.3486381E-04
 -1.2911893E-03
 -1.7166787E-03
 -2.2160681E-03
 -2.7920359E-03
 -3.4444716E-03
 -4.1703586E-03
 -4.9649132E-03
 -5.8213067E-03
 -6.7319982E-03
 -7.6853642E-03
 -8.6568734E-03
 -9.5973173E-03
 -1.0413906E-02
 -1.0907327E-02
 -1.0616088E-02
 -9.0590157E-03
 -5.8846176E-03
 -7.2989758E-04
  6.6826935E-03
  1.6024925E-02
  2.4052335E-02
  2.6225578E-02
  2.0410798E-02
  9.2161344E-03
 -1.5216025E-03
 -8.7297931E-03
 -1.2835933E-02
 -1.4841569E-02
 -1.5539949E-02
 -1.5449108E-02
 -1.4878950E-02
 -1.4005882E-02
 -1.2932899E-02
 -1.1725594E-02
 -1.0431917E-02
 -9.0910699E-03
 -7.7362228E-03
 -6.3949889E-03
 -5.0898031E-03
 -3.8380066E-03
 -2.6521119E-03
 -1.5403661E-03
 -5.0735159E-04
  1.0000000E-10
  1.0000000E-10
 -1.1455280E-05
 -5.4821812E-05
 -1.2625739E-04
 -2.3263472E-04
 -3.8142951E-04
 -5.8037898E-04
 -8.3694892E-04
 -1.1576858E-03
 -1.5470943E-03
 -2.0073538E-03
 -2.5374312E-03
 -3.1331596E-03
 -3.7878153E-03
 -4.4927085E-03
 -5.2355248E-03
 -5.9970627E-03
 -6.7404215E-03
 -7.3938859E-03
 -7.8213438E-03
 -7.7228099E-03
 -6.6221175E-03
 -4.1222582E-03
  9.6265037E-05
  6.2429123E-03
  1.3912966E-02
  2.0069297E-02
  2.0575011E-02
  1.4402767E-02
  4.7150808E-03
 -3.7898843E-03
 -9.2205545E-03
 -1.2102834E-02
 -1.3309550E-02
 -1.3518891E-02
 -1.3162811E-02
 -1.2487291E-02
 -1.1622498E-02
 -1.0638701E-02
 -9.5785931E-03
 -8.4728701E-03
 -7.3477593E-03
 -6.2259813E-03
 -5.1270183E-03
 -4.0667094E-03
 -3.0569860E-03
 -2.1063793E-03
 -1.2201070E-03
 -4.0068521E-04
  1.0000000E-10
  1.0000000E-10
  1.6587803E-05
  3.3941356E-05
  3.2348373E-05
  5.8218902E-06
 -5.2361796E-05
 -1.4945604E-04
 -2.9248977E-04
 -4.8815922E-04
 -7.4187870E-04
 -1.0563937E-03
 -1.4318664E-03
 -1.8652258E-03
 -2.3501522E-03
 -2.8773118E-03
 -3.4355822E-03
 -4.0099802E-03
 -4.5751445E-03
 -5.0818012E-03
 -5.4308763E-03
 -5.4245805E-03
 -4.6939719E-03
 -2.8200406E-03
  5.1057129E-04
  5.4546446E-03
  1.1530908E-02
  1.6036455E-02
  1.5467809E-02
  9.6772024E-03
  1.7179090E-03
 -4.7711967E-03
 -8.6804545E-03
 -1.0559406E-02
 -1.1162315E-02
 -1.1049311E-02
 -1.0561371E-02
 -9.8805707E-03
 -9.0949610E-03
 -8.2481429E-03
 -7.3648323E-03
 -6.4647375E-03
 -5.5653420E-03
 -4.6822526E-03
 -3.8294164E-03
 -3.0173408E-03
 -2.2537841E-03
 -1.5434970E-03
 -8.8878686E-04
 -2.8991920E-04
  1.0000000E-10
  1.0000000E-10
  2.8620450E-05
  7.4060525E-05
  1.0704807E-04
  1.2275134E-04
  1.1560964E-04
  7.9673082E-05
  8.5789870E-06
 -1.0349917E-04
 -2.6129640E-04
 -4.6790854E-04
 -7.2365848E-04
 -1.0262071E-03
 -1.3697235E-03
 -1.7463370E-03
 -2.1461223E-03
 -2.5581021E-03
 -2.9660305E-03
 -3.3392094E-03
 -3.6108550E-03
 -3.6442194E-03
 -3.1877176E-03
 -1.8683976E-03
  6.2383513E-04
  4.4112289E-03
  9.0229148E-03
  1.2099068E-02
  1.1068800E-02
  6.0924641E-03
 -7.6549673E-05
 -4.7725881E-03
 -7.4022738E-03
 -8.5016331E-03
 -8.6918827E-03
 -8.4108766E-03
 -7.9077138E-03
 -7.3035364E-03
 -6.6513997E-03
 -5.9728944E-03
 -5.2812942E-03
 -4.5890566E-03
 -3.9085918E-03
 -3.2520518E-03
 -2.6290338E-03
 -2.0472656E-03
 -1.5112190E-03
 -1.0228674E-03
 -5.8204145E-04
 -1.8723564E-04
  1.0000000E-10
  1.0000000E-10
  2.9732764E-05
  8.0815102E-05
  1.2413286E-04
  1.5611031E-04
  1.7251085E-04
  1.6870520E-04
  1.3976684E-04
  8.1050392E-05
 -1.1258169E-05
 -1.3967382E-04
 -3.0469795E-04
 -5.0388061E-04
 -7.3286268E-04
 -9.8447222E-04
 -1.2516980E-03
 -1.5265879E-03
 -1.8003712E-03
 -2.0552126E-03
 -2.2517405E-03
 -2.3007093E-03
 -2.0311589E-03
 -1.1778213E-03
  5.4568198E-04
  3.2547489E-03
  6.4951563E-03
  8.4996577E-03
  7.3894486E-03
  3.4924780E-03
 -9.2519441E-04
 -4.0778369E-03
 -5.6855916E-03
 -6.2292810E-03
 -6.1855237E-03
 -5.8655594E-03
 -5.4336772E-03
 -4.9607782E-03
 -4.4716955E-03
 -3.9739711E-03
 -3.4737920E-03
 -2.9785219E-03
 -2.4982416E-03
 -2.0424274E-03
 -1.6193007E-03
 -1.2345157E-03
 -8.9081813E-04
 -5.8863242E-04
 -3.2652894E-04
 -1.0177256E-04
  1.0000000E-10
  1.0000000E-10
  2.3906952E-05
  6.6518987E-05
  1.0488605E-04
  1.3650124E-04
  1.5851835E-04
  1.6760133E-04
  1.6041273E-04
  1.3364137E-04
  8.4531493E-05
  1.1361206E-05
 -8.6059328E-05
 -2.0576382E-04
 -3.4408190E-04
 -4.9636851E-04
 -6.5716915E-04
 -8.2187582E-04
 -9.8624523E-04
 -1.1420529E-03
 -1.2693040E-03
 -1.3154231E-03
 -1.1764657E-03
 -6.7771925E-04
  3.8545454E-04
  2.1075215E-03
  4.1696560E-03
  5.3662229E-03
  4.4354741E-03
  1.7438206E-03
 -1.0965544E-03
 -2.9771526E-03
 -3.8301058E-03
 -4.0279031E-03
 -3.8956066E-03
 -3.6271582E-03
 -3.3166443E-03
 -2.9975413E-03
 -2.6767582E-03
 -2.3539416E-03
 -2.0301924E-03
 -1.7108303E-03
 -1.4029909E-03
 -1.1149342E-03
 -8.5391855E-04
 -6.2459253E-04
 -4.2933345E-04
 -2.6808149E-04
 -1.3907961E-04
 -3.9451672E-05
  1.0000000E-10
  1.0000000E-10
  1.4632617E-05
  4.1725041E-05
  6.7229157E-05
  8.9725807E-05
  1.0740832E-04
  1.1812618E-04
  1.1969816E-04
  1.1014934E-04
  8.7829503E-05
  5.1771294E-05
  2.4829978E-06
 -5.8784510E-05
 -1.2938706E-04
 -2.0669257E-04
 -2.8737739E-04
 -3.6971731E-04
 -4.5164570E-04
 -5.3092733E-04
 -5.9870700E-04
 -6.3141575E-04
 -5.7504821E-04
 -3.3475738E-04
  2.0974854E-04
  1.1213459E-03
  2.2242339E-03
  2.8271114E-03
  2.2217573E-03
  6.8347360E-04
 -8.3584548E-04
 -1.7592944E-03
 -2.1166822E-03
 -2.1437167E-03
 -2.0219958E-03
 -1.8508873E-03
 -1.6726974E-03
 -1.4988529E-03
 -1.3277701E-03
 -1.1557459E-03
 -9.8156184E-04
 -8.0780149E-04
 -6.3978555E-04
 -4.8351291E-04
 -3.4467122E-04
 -2.2755060E-04
 -1.3487032E-04
 -6.7188441E-05
 -2.3508359E-05
 -1.6111937E-06
  1.0000000E-10
  1.0000000E-10
  4.9903142E-06
  1.5528340E-05
  2.6612313E-05
  3.7347032E-05
  4.6581175E-05
  5.3225864E-05
  5.6168086E-05
  5.4435939E-05
  4.7299080E-05
  3.5058612E-05
  1.7557641E-05
 -4.4986441E-06
 -2.9660145E-05
 -5.6585304E-05
 -8.4458930E-05
 -1.1251540E-04
 -1.4047638E-04
 -1.6832314E-04
 -1.9351406E-04
 -2.0853519E-04
 -1.9521991E-04
 -1.1768684E-04
  7.3861083E-05
  4.0962748E-04
  8.2268484E-04
  1.0359732E-03
  7.6809287E-04
  1.5346990E-04
 -4.0957509E-04
 -7.1552134E-04
 -8.0391951E-04
 -7.8105956E-04
 -7.1613060E-04
 -6.4278650E-04
 -5.7402538E-04
 -5.0960109E-04
 -4.4797870E-04
 -3.8576452E-04
 -3.2172160E-04
 -2.5618577E-04
 -1.9132804E-04
 -1.3037883E-04
 -7.6718847E-05
 -3.3342054E-05
 -2.3424823E-06
  1.5224269E-05
  1.9283301E-05
  1.0567541E-05
  1.0000000E-10
  1.0000000E-10
 -6.2965057E-07
 -1.7330845E-07
  1.4928688E-06
  3.7715597E-06
  6.0202333E-06
  7.8769408E-06
  9.0855892E-06
  9.5866690E-06
  9.3157851E-06
  8.4021212E-06
  6.9497746E-06
  5.3464119E-06
  3.5509727E-06
  1.9333513E-06
  3.4227722E-07
 -1.2473131E-06
 -2.7234094E-06
 -4.6891037E-06
 -6.9093180E-06
 -9.8097780E-06
 -1.1512095E-05
 -9.6438644E-06
  3.3195433E-06
  3.3269422E-05
  7.3113668E-05
  9.0180212E-05
  4.8881935E-05
 -2.6992473E-05
 -7.8968093E-05
 -9.0443114E-05
 -7.9229656E-05
 -6.3367428E-05
 -4.8774895E-05
 -3.8659327E-05
 -3.1169700E-05
 -2.6123667E-05
 -2.1777112E-05
 -1.7618751E-05
 -1.2536515E-05
 -6.5620384E-06
  1.8542592E-07
  7.5054095E-06
  1.4625687E-05
  2.0351827E-05
  2.3776596E-05
  2.3595732E-05
  1.8812889E-05
  8.5617794E-06
  1.0000000E-10
  1.0000000E-10
  1.0000000E-10
  1.0000000E-10
  1.0000000E-10
  1.0000000E-10
  1.0000000E-10
  1.0000000E-10
  1.0000000E-10
  1.0000000E-10
  1.0000000E-10
  1.0000000E-10
  1.0000000E-10
  1.0000000E-10
  1.0000000E-10
  1.0000000E-10
  1.0000000E-10
  1.0000000E-10
  1.0000000E-10
  1.0000000E-10
  1.0000000E-10
  1.0000000E-10
  1.0000000E-10
  1.0000000E-10
  1.0000000E-10
  1.0000000E-10
  1.0000000E-10
  1.0000000E-10
  1.0000000E-10
  1.0000000E-10
  1.0000000E-10
  1.0000000E-10
  1.0000000E-10
  1.0000000E-10
  1.0000000E-10
  1.0000000E-10
  1.0000000E-10
  1.0000000E-10
  1.0000000E-10
  1.0000000E-10
  1.0000000E-10
  1.0000000E-10
  1.0000000E-10
  1.0000000E-10
  1.0000000E-10
  1.0000000E-10
  1.0000000E-10
  1.0000000E-10
  1.0000000E-10
  1.0000000E-10
  1.0000000E-10
