  1.0000000E-10
  1.0000000E-10
  1.0000000E-10
  1.0000000E-10
  1.0000000E-10
  1.0000000E-10
  1.0000000E-10
  1.0000000E-10
  1.0000000E-10
  1.0000000E-10
  1.0000000E-10
  1.0000000E-10
  1.0000000E-10
  1.0000000E-10
  1.0000000E-10
  1.0000000E-10
  1.0000000E-10
  1.0000000E-10
  1.0000000E-10
  1.0000000E-10
  1.0000000E-10
  1.0000000E-10
  1.0000000E-10
  1.0000000E-10
  1.0000000E-10
  1.0000000E-10
  1.0000000E-10
  1.0000000E-10
  1.0000000E-10
  1.0000000E-10
  1.0000000E-10
  1.0000000E-10
  1.0000000E-10
  1.0000000E-10
  1.0000000E-10
  1.0000000E-10
  1.0000000E-10
  1.0000000E-10
  1.0000000E-10
  1.0000000E-10
  1.0000000E-10
  1.0000000E-10
  1.0000000E-10
  1.0000000E-10
  1.0000000E-10
  1.0000000E-10
  1.0000000E-10
  1.0000000E-10
  1.0000000E-10
  1.0000000E-10
  1.0000000E-10
 -9.4637521E-02
 -0.2326335    
 -0.3833712    
 -0.5424830    
 -0.5360409    
 -0.4022401    
 -0.3070065    
 -0.2322185    
 -0.1749008    
 -0.1322892    
 -0.1003976    
 -7.6477051E-02
 -5.8111340E-02
 -4.3995850E-02
 -3.2504138E-02
 -2.2814291E-02
 -1.4209323E-02
 -6.3416623E-03
  1.1093935E-03
  7.6486026E-03
  1.2735227E-02
  1.6106842E-02
  1.7648600E-02
  1.7155251E-02
  1.5151288E-02
  1.2607174E-02
  1.0240224E-02
  8.3996532E-03
  7.1566580E-03
  6.5441718E-03
  6.5732668E-03
  7.3446790E-03
  9.0417918E-03
  1.1951162E-02
  1.6478149E-02
  2.3186641E-02
  3.2758873E-02
  4.6053294E-02
  6.4039148E-02
  8.7766342E-02
  0.1138726    
  0.1420289    
  0.1258360    
 -0.1346091    
 -0.1747587    
 -0.1795271    
 -0.1556086    
 -9.2616446E-02
  1.0000000E-10
  1.0000000E-10
 -1.4801585E-02
 -7.5083025E-02
 -0.1537992    
 -0.2221008    
 -0.2568152    
 -0.2651478    
 -0.2578649    
 -0.2397015    
 -0.2152404    
 -0.1871520    
 -0.1588941    
 -0.1322546    
 -0.1081473    
 -8.6471409E-02
 -6.6742435E-02
 -4.8465032E-02
 -3.0646797E-02
 -1.3755408E-02
  2.6180241E-03
  1.7893398E-02
  3.0759798E-02
  3.9765608E-02
  4.4775065E-02
  4.5093454E-02
  4.1429088E-02
  3.5900876E-02
  3.0235866E-02
  2.5486091E-02
  2.2035345E-02
  2.0137001E-02
  1.9825533E-02
  2.1269273E-02
  2.4690565E-02
  3.0374549E-02
  3.8612187E-02
  4.9666993E-02
  6.3474193E-02
  7.9401284E-02
  9.4994090E-02
  0.1052569    
  9.7580001E-02
  3.7285779E-02
 -5.5186804E-02
 -0.1559181    
 -0.1615277    
 -0.1349497    
 -8.9106411E-02
 -2.6261058E-02
  1.0000000E-10
  1.0000000E-10
 -4.3355003E-03
 -3.2247134E-02
 -7.6170243E-02
 -0.1180042    
 -0.1463017    
 -0.1630768    
 -0.1712957    
 -0.1729800    
 -0.1689875    
 -0.1602752    
 -0.1478898    
 -0.1326753    
 -0.1152280    
 -9.6748881E-02
 -7.7629983E-02
 -5.8093444E-02
 -3.7714742E-02
 -1.6672010E-02
  3.9177402E-03
  2.4365628E-02
  4.2297650E-02
  5.5694383E-02
  6.4274468E-02
  6.6777349E-02
  6.3482568E-02
  5.6940272E-02
  4.9492583E-02
  4.2758152E-02
  3.7550591E-02
  3.4288883E-02
  3.3144545E-02
  3.4282185E-02
  3.7742697E-02
  4.3511983E-02
  5.1433522E-02
  6.1170395E-02
  7.1700573E-02
  8.0685161E-02
  8.3724216E-02
  7.1891710E-02
  2.9613635E-02
 -3.3707697E-02
 -9.1439314E-02
 -0.1332444    
 -0.1194708    
 -8.2738861E-02
 -3.9471194E-02
 -3.5671485E-03
  1.0000000E-10
  1.0000000E-10
 -1.1238359E-03
 -1.1114648E-02
 -2.9657129E-02
 -5.2840970E-02
 -7.5573727E-02
 -9.4604135E-02
 -0.1089166    
 -0.1185765    
 -0.1234216    
 -0.1238955    
 -0.1203820    
 -0.1132596    
 -0.1031719    
 -9.0069883E-02
 -7.4563026E-02
 -5.7125095E-02
 -3.7566490E-02
 -1.6285725E-02
  5.3025512E-03
  2.7889319E-02
  4.8339449E-02
  6.4757675E-02
  7.6485023E-02
  8.1827402E-02
  8.0335692E-02
  7.4423201E-02
  6.6676192E-02
  5.9043977E-02
  5.2688740E-02
  4.8238985E-02
  4.5982879E-02
  4.6007998E-02
  4.8194524E-02
  5.2244954E-02
  5.7685569E-02
  6.3841999E-02
  6.9254771E-02
  7.0506886E-02
  6.1417788E-02
  3.3540066E-02
 -1.3115618E-02
 -6.0221009E-02
 -9.4951905E-02
 -0.1088815    
 -8.7395996E-02
 -5.1490039E-02
 -1.8317008E-02
 -5.9627044E-05
  1.0000000E-10
  1.0000000E-10
 -4.3805485E-04
 -5.1502273E-03
 -1.4562686E-02
 -2.7667237E-02
 -4.2503241E-02
 -5.7139028E-02
 -7.0135236E-02
 -8.0607228E-02
 -8.8127755E-02
 -9.2539117E-02
 -9.3565904E-02
 -9.1267526E-02
 -8.5654691E-02
 -7.6958753E-02
 -6.5289132E-02
 -5.0775953E-02
 -3.3280376E-02
 -1.3787386E-02
  6.9775986E-03
  2.9450038E-02
  5.0514840E-02
  6.8547942E-02
  8.2573555E-02
  9.0669781E-02
  9.1639809E-02
  8.7408043E-02
  8.0514543E-02
  7.2994150E-02
  6.6189937E-02
  6.0879152E-02
  5.7433415E-02
  5.5904713E-02
  5.6068819E-02
  5.7489827E-02
  5.9650805E-02
  6.1825458E-02
  6.1848588E-02
  5.5331241E-02
  3.6404967E-02
  1.3934680E-03
 -3.7409119E-02
 -7.0658125E-02
 -8.9127786E-02
 -8.7622032E-02
 -6.3397221E-02
 -3.2744247E-02
 -9.8858485E-03
  1.1159444E-04
  1.0000000E-10
  1.0000000E-10
 -1.7489787E-04
 -2.4077103E-03
 -7.1233767E-03
 -1.4317091E-02
 -2.3428120E-02
 -3.3618774E-02
 -4.3929007E-02
 -5.3462025E-02
 -6.1475988E-02
 -6.7388266E-02
 -7.0777543E-02
 -7.1317136E-02
 -6.8739235E-02
 -6.2995233E-02
 -5.4073181E-02
 -4.2088442E-02
 -2.7252229E-02
 -9.9789454E-03
  9.0592355E-03
  3.0108964E-02
  5.0512854E-02
  6.8934865E-02
  8.4206536E-02
  9.4409809E-02
  9.7782969E-02
  9.5619753E-02
  9.0221956E-02
  8.3515994E-02
  7.6853298E-02
  7.1052976E-02
  6.6521190E-02
  6.3315958E-02
  6.1207734E-02
  5.9795912E-02
  5.8723044E-02
  5.6927703E-02
  5.1517487E-02
  3.8037043E-02
  1.2387712E-02
 -2.0145791E-02
 -5.0836168E-02
 -7.2643846E-02
 -7.9514958E-02
 -6.9543645E-02
 -4.5978785E-02
 -2.1835295E-02
 -6.3004815E-03
 -8.2042779E-06
  1.0000000E-10
  1.0000000E-10
 -8.0424354E-05
 -1.2674675E-03
 -3.8486028E-03
 -7.9704300E-03
 -1.3545061E-02
 -2.0252710E-02
 -2.7619053E-02
 -3.5060275E-02
 -4.1974455E-02
 -4.7784574E-02
 -5.1948439E-02
 -5.3953774E-02
 -5.3357027E-02
 -4.9826011E-02
 -4.3183576E-02
 -3.3455864E-02
 -2.0792451E-02
 -5.4290304E-03
  1.1642037E-02
  3.0636849E-02
  4.9622178E-02
  6.7542940E-02
  8.3075225E-02
  9.4474234E-02
  9.9698275E-02
  9.9440977E-02
  9.5667489E-02
  9.0077050E-02
  8.3902389E-02
  7.7907614E-02
  7.2487466E-02
  6.7731790E-02
  6.3479818E-02
  5.9528805E-02
  5.5583354E-02
  5.0225124E-02
  4.0089663E-02
  2.1315973E-02
 -6.1995001E-03
 -3.4192454E-02
 -5.7085656E-02
 -6.9604442E-02
 -6.8466917E-02
 -5.4528907E-02
 -3.3604756E-02
 -1.5303308E-02
 -4.4162851E-03
 -4.8679121E-05
  1.0000000E-10
  1.0000000E-10
 -3.9014438E-05
 -6.8135175E-04
 -2.1083644E-03
 -4.4535985E-03
 -7.7702869E-03
 -1.2028021E-02
 -1.7015608E-02
 -2.2422511E-02
 -2.7835194E-02
 -3.2777660E-02
 -3.6740940E-02
 -3.9194975E-02
 -3.9617896E-02
 -3.7546571E-02
 -3.2651242E-02
 -2.4797145E-02
 -1.4048511E-02
 -6.3624571E-04
  1.4457194E-02
  3.1455170E-02
  4.8596960E-02
  6.5436430E-02
  8.0493122E-02
  9.2209868E-02
  9.8527074E-02
  9.9678494E-02
  9.7278439E-02
  9.2753373E-02
  8.7152220E-02
  8.1125610E-02
  7.5029977E-02
  6.8993039E-02
  6.2956579E-02
  5.6998115E-02
  5.0509408E-02
  4.1934907E-02
  2.7810700E-02
  5.4185926E-03
 -1.9748192E-02
 -4.2528816E-02
 -5.8285296E-02
 -6.3535415E-02
 -5.7273548E-02
 -4.2274453E-02
 -2.4754141E-02
 -1.1060458E-02
 -3.2164722E-03
 -5.4155960E-05
  1.0000000E-10
  1.0000000E-10
 -1.9988594E-05
 -3.8131286E-04
 -1.1969584E-03
 -2.5625469E-03
 -4.5361933E-03
 -7.1455343E-03
 -1.0368988E-02
 -1.4035922E-02
 -1.7912244E-02
 -2.1665610E-02
 -2.4884263E-02
 -2.7094441E-02
 -2.7786076E-02
 -2.6461862E-02
 -2.2712326E-02
 -1.6301583E-02
 -7.2114379E-03
  4.3784427E-03
  1.7577227E-02
  3.2597750E-02
  4.7814768E-02
  6.3148469E-02
  7.7249333E-02
  8.8616505E-02
  9.5309630E-02
  9.7267032E-02
  9.5796838E-02
  9.2069387E-02
  8.6939469E-02
  8.0929764E-02
  7.4349701E-02
  6.7357168E-02
  6.0035400E-02
  5.2575100E-02
  4.4038318E-02
  3.2708049E-02
  1.5353732E-02
 -6.8113748E-03
 -2.8669830E-02
 -4.6203766E-02
 -5.5859983E-02
 -5.5780225E-02
 -4.6714090E-02
 -3.2439187E-02
 -1.8324219E-02
 -8.1057558E-03
 -2.3684585E-03
 -4.6697536E-05
  1.0000000E-10
  1.0000000E-10
 -1.0482685E-05
 -2.1348328E-04
 -6.7683368E-04
 -1.4633497E-03
 -2.6187629E-03
 -4.1737561E-03
 -6.1314269E-03
 -8.4587960E-03
 -1.1006372E-02
 -1.3566408E-02
 -1.5834868E-02
 -1.7426470E-02
 -1.7893311E-02
 -1.6771618E-02
 -1.3651752E-02
 -8.2643414E-03
 -5.4029154E-04
  9.3961731E-03
  2.0787092E-02
  3.3879630E-02
  4.7276683E-02
  6.0850296E-02
  7.3696546E-02
  8.4290296E-02
  9.0814598E-02
  9.3038410E-02
  9.2031181E-02
  8.8760443E-02
  8.3917476E-02
  7.7913411E-02
  7.1017973E-02
  6.3405298E-02
  5.5371366E-02
  4.6811298E-02
  3.6952458E-02
  2.3419991E-02
  4.4475039E-03
 -1.5833395E-02
 -3.3927321E-02
 -4.6499982E-02
 -5.1174108E-02
 -4.7480274E-02
 -3.7348785E-02
 -2.4724893E-02
 -1.3620667E-02
 -5.9846472E-03
 -1.7518271E-03
 -3.6627556E-05
  1.0000000E-10
  1.0000000E-10
 -5.5361215E-06
 -1.1734382E-04
 -3.7438530E-04
 -8.1415765E-04
 -1.4660261E-03
 -2.3507883E-03
 -3.4728434E-03
 -4.8126224E-03
 -6.2998282E-03
 -7.7960724E-03
 -9.0894615E-03
 -9.8890867E-03
 -9.8371115E-03
 -8.5463328E-03
 -5.6612059E-03
 -9.3710009E-04
  5.7094502E-03
  1.4190647E-02
  2.3919297E-02
  3.5134956E-02
  4.6774819E-02
  5.8690205E-02
  6.9975510E-02
  7.9531506E-02
  8.5525572E-02
  8.7616175E-02
  8.6688489E-02
  8.3569765E-02
  7.8838214E-02
  7.2825462E-02
  6.5769836E-02
  5.7861812E-02
  4.9618252E-02
  4.0253714E-02
  2.9279636E-02
  1.3800024E-02
 -4.2581870E-03
 -2.1963110E-02
 -3.6217775E-02
 -4.4426180E-02
 -4.5298554E-02
 -3.9456092E-02
 -2.9452397E-02
 -1.8803433E-02
 -1.0180905E-02
 -4.4521745E-03
 -1.3044412E-03
 -2.8438881E-05
  1.0000000E-10
  1.0000000E-10
 -2.8234726E-06
 -5.9153139E-05
 -1.8886637E-04
 -4.1044646E-04
 -7.3804276E-04
 -1.1804339E-03
 -1.7345904E-03
 -2.3775187E-03
 -3.0606743E-03
 -3.6852357E-03
 -4.1015963E-03
 -4.0970128E-03
 -3.4061742E-03
 -1.7381400E-03
  1.1718317E-03
  5.5032433E-03
  1.1319833E-02
  1.8543838E-02
  2.6794856E-02
  3.6212616E-02
  4.6160012E-02
  5.6429047E-02
  6.6015728E-02
  7.4443139E-02
  7.9703659E-02
  8.1411354E-02
  8.0304779E-02
  7.7127010E-02
  7.2396800E-02
  6.6402152E-02
  5.9343822E-02
  5.1478218E-02
  4.2973243E-02
  3.3135831E-02
  2.0810692E-02
  5.5808774E-03
 -1.0813973E-02
 -2.5671599E-02
 -3.6303855E-02
 -4.0886272E-02
 -3.9069679E-02
 -3.2229785E-02
 -2.3056205E-02
 -1.4333842E-02
 -7.6700477E-03
 -3.3439158E-03
 -9.8069920E-04
 -2.2126900E-05
  1.0000000E-10
  1.0000000E-10
 -1.2204157E-06
 -2.3126886E-05
 -7.2268413E-05
 -1.5352482E-04
 -2.6828315E-04
 -4.1193713E-04
 -5.7108613E-04
 -7.1439811E-04
 -7.9479621E-04
 -7.3146209E-04
 -4.0997303E-04
  3.2358570E-04
  1.6545962E-03
  3.7728932E-03
  6.8395012E-03
  1.0947865E-02
  1.6117360E-02
  2.2266768E-02
  2.9202228E-02
  3.6985613E-02
  4.5319941E-02
  5.3969961E-02
  6.2034331E-02
  6.9133244E-02
  7.3514447E-02
  7.4688770E-02
  7.3255792E-02
  6.9903098E-02
  6.5080546E-02
  5.8916204E-02
  5.1733822E-02
  4.3986101E-02
  3.5082474E-02
  2.5193261E-02
  1.3040762E-02
 -1.1727551E-03
 -1.5552532E-02
 -2.7532978E-02
 -3.4924857E-02
 -3.6648754E-02
 -3.3101715E-02
 -2.6077151E-02
 -1.8044410E-02
 -1.1009664E-02
 -5.8469875E-03
 -2.5456611E-03
 -7.4795738E-04
 -1.7677583E-05
  1.0000000E-10
  1.0000000E-10
 -2.7712420E-07
  6.6052633E-07
  5.4042812E-06
  1.9281750E-05
  5.1386993E-05
  1.1730197E-04
  2.4213166E-04
  4.6594665E-04
  8.4003684E-04
  1.4390851E-03
  2.3563385E-03
  3.7035015E-03
  5.5979150E-03
  8.1391698E-03
  1.1385950E-02
  1.5344131E-02
  1.9980721E-02
  2.5208909E-02
  3.0964229E-02
  3.7306756E-02
  4.4122290E-02
  5.1203549E-02
  5.7778560E-02
  6.3544661E-02
  6.7004591E-02
  6.7590274E-02
  6.5784432E-02
  6.2238902E-02
  5.7087753E-02
  5.0906520E-02
  4.3935038E-02
  3.6254201E-02
  2.7738690E-02
  1.8115956E-02
  6.4738677E-03
 -6.5032593E-03
 -1.8777829E-02
 -2.8046519E-02
 -3.2684781E-02
 -3.2281425E-02
 -2.7768539E-02
 -2.1062534E-02
 -1.4216580E-02
 -8.5660154E-03
 -4.5303069E-03
 -1.9731787E-03
 -5.8151252E-04
 -1.4568709E-05
  1.0000000E-10
  1.0000000E-10
  3.8966755E-07
  1.7689908E-05
  6.1222156E-05
  1.4401006E-04
  2.8335478E-04
  5.0439400E-04
  8.4242737E-04
  1.3435112E-03
  2.0652278E-03
  3.0788560E-03
  4.4623208E-03
  6.2938989E-03
  8.6336806E-03
  1.1503332E-02
  1.4874921E-02
  1.8677454E-02
  2.2832328E-02
  2.7255062E-02
  3.1953357E-02
  3.7025373E-02
  4.2443916E-02
  4.8047315E-02
  5.3199019E-02
  5.7634443E-02
  6.0190570E-02
  6.0194355E-02
  5.8057133E-02
  5.4123852E-02
  4.9003914E-02
  4.2999469E-02
  3.6365211E-02
  2.8912390E-02
  2.0994458E-02
  1.1780044E-02
  8.4808900E-04
 -1.0724138E-02
 -2.0887539E-02
 -2.7696574E-02
 -3.0081103E-02
 -2.8181955E-02
 -2.3254432E-02
 -1.7117914E-02
 -1.1351626E-02
 -6.7874296E-03
 -3.5845293E-03
 -1.5642788E-03
 -4.6283205E-04
 -1.2413181E-05
  1.0000000E-10
  1.0000000E-10
  8.7490338E-07
  3.0974454E-05
  1.0456042E-04
  2.4110205E-04
  4.6422292E-04
  8.0652151E-04
  1.3104457E-03
  2.0266196E-03
  3.0156984E-03
  4.3449770E-03
  6.0781282E-03
  8.2623186E-03
  1.0908562E-02
  1.3974840E-02
  1.7364463E-02
  2.0952407E-02
  2.4629805E-02
  2.8324090E-02
  3.2071617E-02
  3.6020506E-02
  4.0178027E-02
  4.4421580E-02
  4.8244420E-02
  5.1334597E-02
  5.3096663E-02
  5.2593254E-02
  5.0203566E-02
  4.6115682E-02
  4.1108891E-02
  3.5435718E-02
  2.9017569E-02
  2.2211520E-02
  1.4834480E-02
  6.0840799E-03
 -4.0151272E-03
 -1.4103742E-02
 -2.2242092E-02
 -2.6889049E-02
 -2.7485590E-02
 -2.4592927E-02
 -1.9604115E-02
 -1.4106750E-02
 -9.2449598E-03
 -5.5060443E-03
 -2.9098471E-03
 -1.2737110E-03
 -3.7878202E-04
 -1.0963998E-05
  1.0000000E-10
  1.0000000E-10
  1.2513372E-06
  4.2053241E-05
  1.4053522E-04
  3.2100367E-04
  6.1234937E-04
  1.0519217E-03
  1.6863442E-03
  2.5692983E-03
  3.7608293E-03
  5.3206668E-03
  7.2952649E-03
  9.7014774E-03
  1.2506560E-02
  1.5618679E-02
  1.8895509E-02
  2.2180267E-02
  2.5355725E-02
  2.8368108E-02
  3.1253505E-02
  3.4201607E-02
  3.7235849E-02
  4.0258400E-02
  4.2862803E-02
  4.4863980E-02
  4.5841347E-02
  4.4902168E-02
  4.2189561E-02
  3.8196072E-02
  3.3461228E-02
  2.8049616E-02
  2.2147786E-02
  1.6026549E-02
  9.1342106E-03
  8.7209977E-04
 -8.3193416E-03
 -1.6910776E-02
 -2.3160676E-02
 -2.5945092E-02
 -2.5151612E-02
 -2.1631671E-02
 -1.6770886E-02
 -1.1870494E-02
 -7.7228565E-03
 -4.5938231E-03
 -2.4329114E-03
 -1.0691014E-03
 -3.1977217E-04
 -9.8661594E-06
  1.0000000E-10
  1.0000000E-10
  1.8017037E-06
  5.1528925E-05
  1.7106567E-04
  3.8840374E-04
  7.3548639E-04
  1.2525611E-03
  1.9878536E-03
  2.9952633E-03
  4.3295245E-03
  6.0389619E-03
  8.1487149E-03
  1.0645410E-02
  1.3459179E-02
  1.6462896E-02
  1.9488808E-02
  2.2373511E-02
  2.5009507E-02
  2.7365178E-02
  2.9467376E-02
  3.1510744E-02
  3.3545826E-02
  3.5487227E-02
  3.7001088E-02
  3.8057841E-02
  3.8401231E-02
  3.7143923E-02
  3.4223408E-02
  3.0426417E-02
  2.5937110E-02
  2.0905938E-02
  1.5719913E-02
  1.0205915E-02
  3.7115479E-03
 -4.0630712E-03
 -1.2305534E-02
 -1.9421414E-02
 -2.3928808E-02
 -2.5115773E-02
 -2.3242604E-02
 -1.9331984E-02
 -1.4665025E-02
 -1.0260487E-02
 -6.6478350E-03
 -3.9560120E-03
 -2.1011999E-03
 -9.2717394E-04
 -2.7875815E-04
 -9.2255877E-06
  1.0000000E-10
  1.0000000E-10
  2.1354635E-06
  5.9598613E-05
  1.9682288E-04
  4.4379829E-04
  8.3457975E-04
  1.4098543E-03
  2.2167768E-03
  3.3052396E-03
  4.7212169E-03
  6.4960304E-03
  8.6321095E-03
  1.1086886E-02
  1.3760854E-02
  1.6506067E-02
  1.9149458E-02
  2.1542033E-02
  2.3598194E-02
  2.5308566E-02
  2.6707832E-02
  2.7924554E-02
  2.9054128E-02
  3.0043647E-02
  3.0611232E-02
  3.0864187E-02
  3.0761248E-02
  2.9322669E-02
  2.6341679E-02
  2.2650812E-02
  1.8448008E-02
  1.4081214E-02
  9.5860148E-03
  4.5322115E-03
 -1.6841864E-03
 -8.9857252E-03
 -1.6249012E-02
 -2.1910995E-02
 -2.4799222E-02
 -2.4594685E-02
 -2.1855645E-02
 -1.7677639E-02
 -1.3185618E-02
 -9.1506848E-03
 -5.9156632E-03
 -3.5243896E-03
 -1.8773613E-03
 -8.3153206E-04
 -2.5125375E-04
 -8.7541002E-06
  1.0000000E-10
  1.0000000E-10
  2.5883842E-06
  6.5854190E-05
  2.1607240E-04
  4.8424478E-04
  9.0383599E-04
  1.5144371E-03
  2.3594820E-03
  3.4803539E-03
  4.9098255E-03
  6.6608880E-03
  8.7102847E-03
  1.0990346E-02
  1.3382003E-02
  1.5729815E-02
  1.7874304E-02
  1.9692568E-02
  2.1131309E-02
  2.2200374E-02
  2.2946496E-02
  2.3438720E-02
  2.3738379E-02
  2.3881471E-02
  2.3641733E-02
  2.3216708E-02
  2.2846188E-02
  2.1322045E-02
  1.8163670E-02
  1.4709600E-02
  1.1107963E-02
  7.4463962E-03
  3.4936822E-03
 -1.3227774E-03
 -7.3987474E-03
 -1.4228242E-02
 -2.0457128E-02
 -2.4650974E-02
 -2.5987608E-02
 -2.4520252E-02
 -2.1032708E-02
 -1.6619535E-02
 -1.2231253E-02
 -8.4360316E-03
 -5.4450133E-03
 -3.2472552E-03
 -1.7335099E-03
 -7.7009521E-04
 -2.3348423E-04
 -8.4927824E-06
  1.0000000E-10
  1.0000000E-10
  2.9332325E-06
  6.9884918E-05
  2.2705742E-04
  5.0555862E-04
  9.3604863E-04
  1.5544784E-03
  2.3968003E-03
  3.4931919E-03
  4.8601432E-03
  6.4891879E-03
  8.3350632E-03
  1.0309186E-02
  1.2284027E-02
  1.4111054E-02
  1.5655693E-02
  1.6831812E-02
  1.7617282E-02
  1.8039109E-02
  1.8146975E-02
  1.7982973E-02
  1.7577443E-02
  1.6986551E-02
  1.6047817E-02
  1.5018383E-02
  1.4362801E-02
  1.2694826E-02
  9.6720569E-03
  6.7499713E-03
  3.8179674E-03
  7.2419504E-04
 -2.9757267E-03
 -7.8447647E-03
 -1.3899941E-02
 -2.0192621E-02
 -2.5252320E-02
 -2.7881339E-02
 -2.7651913E-02
 -2.4963574E-02
 -2.0759389E-02
 -1.6078074E-02
 -1.1697583E-02
 -8.0230515E-03
 -5.1681562E-03
 -3.0822011E-03
 -1.6471581E-03
 -7.3272054E-04
 -2.2258675E-04
 -8.3273453E-06
  1.0000000E-10
  1.0000000E-10
  3.0832241E-06
  7.0432288E-05
  2.2717880E-04
  5.0134561E-04
  9.2006213E-04
  1.5115218E-03
  2.3021537E-03
  3.3072084E-03
  4.5250347E-03
  5.9269671E-03
  7.4487049E-03
  8.9897169E-03
  1.0423916E-02
  1.1622335E-02
  1.2483691E-02
  1.2960244E-02
  1.3057110E-02
  1.2813360E-02
  1.2275463E-02
  1.1480150E-02
  1.0464590E-02
  9.2722047E-03
  7.7712093E-03
  6.3061276E-03
  5.2591935E-03
  3.4130798E-03
  1.0098104E-03
 -1.3295792E-03
 -3.7474683E-03
 -6.6206446E-03
 -1.0508594E-02
 -1.5731189E-02
 -2.1764876E-02
 -2.7287479E-02
 -3.0886119E-02
 -3.1728663E-02
 -2.9821718E-02
 -2.5875427E-02
 -2.0924745E-02
 -1.5911745E-02
 -1.1447784E-02
 -7.8015556E-03
 -5.0080153E-03
 -2.9813384E-03
 -1.5920022E-03
 -7.0782233E-04
 -2.1514362E-04
 -7.9729734E-06
  1.0000000E-10
  1.0000000E-10
  3.2361665E-06
  6.6332133E-05
  2.1173542E-04
  4.6228629E-04
  8.3843875E-04
  1.3592362E-03
  2.0378125E-03
  2.8736575E-03
  3.8471515E-03
  4.9117082E-03
  5.9900242E-03
  6.9780969E-03
  7.7626500E-03
  8.2398299E-03
  8.3459653E-03
  8.0675054E-03
  7.4323355E-03
  6.4842403E-03
  5.2735792E-03
  3.8419354E-03
  2.2533457E-03
  5.7256524E-04
 -1.2874112E-03
 -2.9082317E-03
 -4.1337525E-03
 -5.9551192E-03
 -7.9416558E-03
 -9.9496292E-03
 -1.2317965E-02
 -1.5587757E-02
 -2.0178247E-02
 -2.5856094E-02
 -3.1528525E-02
 -3.5734378E-02
 -3.7362710E-02
 -3.6070440E-02
 -3.2309748E-02
 -2.7037725E-02
 -2.1303227E-02
 -1.5912328E-02
 -1.1311407E-02
 -7.6466245E-03
 -4.8811082E-03
 -2.8938851E-03
 -1.5404496E-03
 -6.8322400E-04
 -2.0695974E-04
 -7.5114904E-06
  1.0000000E-10
  1.0000000E-10
  3.0359997E-06
  5.6238714E-05
  1.7652167E-04
  3.8000420E-04
  6.7811838E-04
  1.0781351E-03
  1.5790840E-03
  2.1642121E-03
  2.7969459E-03
  3.4162537E-03
  3.9377217E-03
  4.2619002E-03
  4.2910543E-03
  3.9543915E-03
  3.2221549E-03
  2.1122650E-03
  6.6709425E-04
 -1.0623018E-03
 -3.0167648E-03
 -5.1352712E-03
 -7.2989929E-03
 -9.3875695E-03
 -1.1389787E-02
 -1.2904806E-02
 -1.4107898E-02
 -1.5946975E-02
 -1.7977247E-02
 -2.0306807E-02
 -2.3454739E-02
 -2.7812190E-02
 -3.3211738E-02
 -3.8730912E-02
 -4.3040011E-02
 -4.4998176E-02
 -4.4019103E-02
 -4.0263377E-02
 -3.4554470E-02
 -2.7986292E-02
 -2.1526968E-02
 -1.5804267E-02
 -1.1096914E-02
 -7.4347956E-03
 -4.7141802E-03
 -2.7805052E-03
 -1.4738825E-03
 -6.5132492E-04
 -1.9657639E-04
 -6.8258150E-06
  1.0000000E-10
  1.0000000E-10
  2.3931623E-06
  3.8456066E-05
  1.1760408E-04
  2.4645063E-04
  4.2577324E-04
  6.4943166E-04
  9.0064417E-04
  1.1470398E-03
  1.3365997E-03
  1.3977638E-03
  1.2436158E-03
  7.8385964E-04
 -5.5599852E-05
 -1.3145198E-03
 -2.9893578E-03
 -5.0382600E-03
 -7.4086711E-03
 -1.0047430E-02
 -1.2878426E-02
 -1.5795410E-02
 -1.8593607E-02
 -2.1068238E-02
 -2.3020793E-02
 -2.4252785E-02
 -2.5415849E-02
 -2.7511766E-02
 -3.0247902E-02
 -3.3654265E-02
 -3.8062438E-02
 -4.3290310E-02
 -4.8524741E-02
 -5.2585199E-02
 -5.4425966E-02
 -5.3419836E-02
 -4.9460907E-02
 -4.3209545E-02
 -3.5709914E-02
 -2.8067039E-02
 -2.1090055E-02
 -1.5205035E-02
 -1.0524561E-02
 -6.9706645E-03
 -4.3781325E-03
 -2.5616167E-03
 -1.3477720E-03
 -5.9145968E-04
 -1.7707139E-04
 -5.7135157E-06
  1.0000000E-10
  1.0000000E-10
  1.3880917E-06
  1.2987220E-05
  3.4764384E-05
  6.1550149E-05
  8.1917089E-05
  7.5474250E-05
  1.1012629E-05
 -1.5917224E-04
 -4.9771712E-04
 -1.0799374E-03
 -1.9891304E-03
 -3.2986207E-03
 -5.0570057E-03
 -7.2759255E-03
 -9.9291839E-03
 -1.2960581E-02
 -1.6325330E-02
 -1.9976180E-02
 -2.3801988E-02
 -2.7604675E-02
 -3.1042678E-02
 -3.3948477E-02
 -3.6142930E-02
 -3.7481610E-02
 -3.8869195E-02
 -4.1508030E-02
 -4.5209613E-02
 -4.9654264E-02
 -5.4679565E-02
 -5.9585523E-02
 -6.3337810E-02
 -6.4925022E-02
 -6.3722134E-02
 -5.9573513E-02
 -5.2577905E-02
 -4.4075876E-02
 -3.5112802E-02
 -2.6735915E-02
 -1.9548316E-02
 -1.3762666E-02
 -9.3290536E-03
 -6.0636010E-03
 -3.7424560E-03
 -2.1533985E-03
 -1.1153074E-03
 -4.8221857E-04
 -1.4204739E-04
 -3.6310528E-06
  1.0000000E-10
  1.0000000E-10
  2.5029633E-08
 -1.7817207E-05
 -6.4655338E-05
 -1.5786775E-04
 -3.2125250E-04
 -5.8770168E-04
 -1.0018988E-03
 -1.6207503E-03
 -2.5120829E-03
 -3.7498185E-03
 -5.4054609E-03
 -7.5331638E-03
 -1.0161288E-02
 -1.3283238E-02
 -1.6860185E-02
 -2.0835843E-02
 -2.5195446E-02
 -2.9884117E-02
 -3.4713309E-02
 -3.9318927E-02
 -4.3602146E-02
 -4.7347348E-02
 -5.0381433E-02
 -5.2550957E-02
 -5.4543328E-02
 -5.7793356E-02
 -6.2054019E-02
 -6.6712998E-02
 -7.1163490E-02
 -7.4488454E-02
 -7.5737976E-02
 -7.4211344E-02
 -6.9691069E-02
 -6.2419962E-02
 -5.2582841E-02
 -4.2295132E-02
 -3.2385938E-02
 -2.3779189E-02
 -1.6816003E-02
 -1.1478219E-02
 -7.5549218E-03
 -4.7722468E-03
 -2.8670742E-03
 -1.6105114E-03
 -8.1639638E-04
 -3.4589646E-04
 -9.9525532E-05
 -1.6841695E-06
  1.0000000E-10
  1.0000000E-10
 -1.6067250E-06
 -5.0981864E-05
 -1.7065399E-04
 -3.8954811E-04
 -7.4231310E-04
 -1.2727687E-03
 -2.0349366E-03
 -3.0914717E-03
 -4.5105806E-03
 -6.3597760E-03
 -8.6986003E-03
 -1.1565193E-02
 -1.4974120E-02
 -1.8910920E-02
 -2.3329552E-02
 -2.8181337E-02
 -3.3518996E-02
 -3.9174173E-02
 -4.4838838E-02
 -5.0476138E-02
 -5.5845208E-02
 -6.0724366E-02
 -6.4946495E-02
 -6.8400450E-02
 -7.1004249E-02
 -7.4553601E-02
 -7.8626424E-02
 -8.2469814E-02
 -8.5248031E-02
 -8.6067326E-02
 -8.4201887E-02
 -7.9294659E-02
 -7.1488410E-02
 -6.1271638E-02
 -4.9171478E-02
 -3.7842125E-02
 -2.7732503E-02
 -1.9527406E-02
 -1.3258797E-02
 -8.6920653E-03
 -5.5022649E-03
 -3.3586293E-03
 -1.9595500E-03
 -1.0721646E-03
 -5.3039391E-04
 -2.1942104E-04
 -6.1351966E-05
 -2.9656388E-07
  1.0000000E-10
  1.0000000E-10
 -3.1958002E-06
 -8.2725091E-05
 -2.7128472E-04
 -6.0791447E-04
 -1.1356880E-03
 -1.9065092E-03
 -2.9807158E-03
 -4.4228332E-03
 -6.2986505E-03
 -8.6681936E-03
 -1.1579895E-02
 -1.5061486E-02
 -1.9121611E-02
 -2.3743171E-02
 -2.8872715E-02
 -3.4491800E-02
 -4.0729795E-02
 -4.7075942E-02
 -5.3701628E-02
 -6.0352795E-02
 -6.6815257E-02
 -7.2852910E-02
 -7.8252815E-02
 -8.2777709E-02
 -8.6140834E-02
 -8.9538187E-02
 -9.2734590E-02
 -9.4950847E-02
 -9.5339850E-02
 -9.3166605E-02
 -8.7985575E-02
 -7.9784609E-02
 -6.9015726E-02
 -5.6197025E-02
 -4.2792555E-02
 -3.1291787E-02
 -2.1740539E-02
 -1.4482702E-02
 -9.2871329E-03
 -5.7874527E-03
 -3.5119127E-03
 -2.0625237E-03
 -1.1599060E-03
 -6.1198405E-04
 -2.9143502E-04
 -1.1567392E-04
 -3.0614148E-05
  5.4417183E-07
  1.0000000E-10
  1.0000000E-10
 -4.5175179E-06
 -1.0860768E-04
 -3.5280327E-04
 -7.8428222E-04
 -1.4515157E-03
 -2.4120596E-03
 -3.7287185E-03
 -5.4666158E-03
 -7.6876287E-03
 -1.0445342E-02
 -1.3780138E-02
 -1.7716322E-02
 -2.2262197E-02
 -2.7397569E-02
 -3.3070408E-02
 -3.9354499E-02
 -4.6161111E-02
 -5.3212181E-02
 -6.0647529E-02
 -6.8186700E-02
 -7.5619191E-02
 -8.2687795E-02
 -8.9104190E-02
 -9.4422184E-02
 -9.8240606E-02
 -0.1010834    
 -0.1029154    
 -0.1030319    
 -0.1007106    
 -9.5442139E-02
 -8.7074481E-02
 -7.5916111E-02
 -6.2660031E-02
 -4.7705252E-02
 -3.4256339E-02
 -2.3370853E-02
 -1.5054040E-02
 -9.3134968E-03
 -5.6288978E-03
 -3.3196041E-03
 -1.9041556E-03
 -1.0529137E-03
 -5.5290520E-04
 -2.6943497E-04
 -1.1699653E-04
 -4.1306372E-05
 -9.1577112E-06
  9.9497913E-07
  1.0000000E-10
  1.0000000E-10
 -5.3934118E-06
 -1.2446482E-04
 -4.0299559E-04
 -8.9265045E-04
 -1.6458392E-03
 -2.7224901E-03
 -4.1854628E-03
 -6.0988716E-03
 -8.5221734E-03
 -1.1504938E-02
 -1.5084463E-02
 -1.9286701E-02
 -2.4124444E-02
 -2.9581036E-02
 -3.5609923E-02
 -4.2362649E-02
 -4.9551278E-02
 -5.7146095E-02
 -6.5184966E-02
 -7.3408820E-02
 -8.1597976E-02
 -8.9462847E-02
 -9.6620351E-02
 -0.1023889    
 -0.1063292    
 -0.1083377    
 -0.1085404    
 -0.1063882    
 -0.1013509    
 -9.3168281E-02
 -8.1978075E-02
 -6.8346165E-02
 -5.2899450E-02
 -3.6986705E-02
 -2.4525320E-02
 -1.5101240E-02
 -8.9540025E-03
 -5.1678671E-03
 -2.8954502E-03
 -1.5584943E-03
 -7.9250027E-04
 -3.7029615E-04
 -1.5105706E-04
 -4.7180114E-05
 -5.7818906E-06
  5.2875503E-06
  4.1164708E-06
  1.0446739E-06
  1.0000000E-10
  1.0000000E-10
 -5.6128924E-06
 -1.2749407E-04
 -4.1222066E-04
 -9.1280229E-04
 -1.6834624E-03
 -2.7861353E-03
 -4.2835190E-03
 -6.2365886E-03
 -8.7022334E-03
 -1.1730926E-02
 -1.5362986E-02
 -1.9629246E-02
 -2.4554119E-02
 -3.0130304E-02
 -3.6323924E-02
 -4.3309469E-02
 -5.0750200E-02
 -5.8650922E-02
 -6.7069419E-02
 -7.5741455E-02
 -8.4439278E-02
 -9.2830896E-02
 -0.1004204    
 -0.1063387    
 -0.1101209    
 -0.1111382    
 -0.1096308    
 -0.1052668    
 -9.7727254E-02
 -8.6993344E-02
 -7.3452689E-02
 -5.7804205E-02
 -4.0327005E-02
 -2.5490724E-02
 -1.5099715E-02
 -8.6240992E-03
 -4.7335154E-03
 -2.4776794E-03
 -1.2010370E-03
 -5.0476287E-04
 -1.4920636E-04
  1.1485517E-05
  6.6540611E-05
  6.9350652E-05
  5.0835151E-05
  2.8258435E-05
  1.0446365E-05
  1.0948692E-06
  1.0000000E-10
  1.0000000E-10
 -5.0201907E-06
 -1.1661110E-04
 -3.7781560E-04
 -8.3795236E-04
 -1.5490438E-03
 -2.5722664E-03
 -3.9746338E-03
 -5.8226357E-03
 -8.1751496E-03
 -1.1081449E-02
 -1.4583031E-02
 -1.8719951E-02
 -2.3532502E-02
 -2.9034749E-02
 -3.5206888E-02
 -4.2193942E-02
 -4.9764108E-02
 -5.7740461E-02
 -6.6313691E-02
 -7.5195476E-02
 -8.4147230E-02
 -9.2776611E-02
 -0.1004560    
 -0.1064200    
 -0.1098232    
 -0.1097914    
 -0.1066193    
 -0.1002453    
 -9.0547532E-02
 -7.7720270E-02
 -6.2309992E-02
 -4.4658225E-02
 -2.7001206E-02
 -1.5629180E-02
 -8.8003781E-03
 -4.7851894E-03
 -2.4712160E-03
 -1.1677017E-03
 -4.5978464E-04
 -1.0004960E-04
  6.0390164E-05
  1.1244883E-04
  1.0993857E-04
  8.4730760E-05
  5.4198306E-05
  2.7736765E-05
  9.5936339E-06
  8.0656775E-07
  1.0000000E-10
  1.0000000E-10
 -4.0628915E-06
 -9.7356598E-05
 -3.1667799E-04
 -7.0434227E-04
 -1.3052435E-03
 -2.1738138E-03
 -3.3722376E-03
 -4.9695545E-03
 -7.0363162E-03
 -9.6384883E-03
 -1.2837546E-02
 -1.6682876E-02
 -2.1212459E-02
 -2.6457056E-02
 -3.2420039E-02
 -3.9188698E-02
 -4.6780422E-02
 -5.4655109E-02
 -6.3178509E-02
 -7.2062373E-02
 -8.1033967E-02
 -8.9623503E-02
 -9.7302161E-02
 -0.1031070    
 -0.1059640    
 -0.1048812    
 -0.1001671    
 -9.2067361E-02
 -8.0625549E-02
 -6.6169903E-02
 -4.9235143E-02
 -2.9602733E-02
 -1.6813921E-02
 -9.5149251E-03
 -5.2978355E-03
 -2.8717474E-03
 -1.4848150E-03
 -7.0606812E-04
 -2.8485793E-04
 -7.0949565E-05
  2.5306854E-05
  5.7641166E-05
  5.8256475E-05
  4.5176359E-05
  2.9023913E-05
  1.4818235E-05
  5.1437428E-06
  4.4226499E-07
  1.0000000E-10
  1.0000000E-10
 -3.2651844E-06
 -7.9646292E-05
 -2.5953908E-04
 -5.7820237E-04
 -1.0732990E-03
 -1.7895574E-03
 -2.7776286E-03
 -4.0946072E-03
 -5.8041825E-03
 -7.9763820E-03
 -1.0682350E-02
 -1.3996868E-02
 -1.7995201E-02
 -2.2746298E-02
 -2.8294047E-02
 -3.4659050E-02
 -4.2090710E-02
 -4.9786530E-02
 -5.8066506E-02
 -6.6748925E-02
 -7.5505376E-02
 -8.4008649E-02
 -9.1544539E-02
 -9.7023405E-02
 -9.9215627E-02
 -9.7107917E-02
 -9.0996824E-02
 -8.1462801E-02
 -6.8671331E-02
 -5.2901637E-02
 -3.3819962E-02
 -1.8368855E-02
 -1.0440095E-02
 -5.8842236E-03
 -3.2793209E-03
 -1.7969162E-03
 -9.5638091E-04
 -4.8755464E-04
 -2.3207422E-04
 -9.8864184E-05
 -3.2975153E-05
 -4.2200527E-06
  5.9967060E-06
  7.4498221E-06
  5.5452538E-06
  2.9971804E-06
  1.0525323E-06
  7.0332739E-08
  1.0000000E-10
  1.0000000E-10
 -2.6773851E-06
 -6.5986904E-05
 -2.1538579E-04
 -4.7988858E-04
 -8.9154841E-04
 -1.4883230E-03
 -2.3126435E-03
 -3.4124798E-03
 -4.8378101E-03
 -6.6419872E-03
 -8.8839829E-03
 -1.1630793E-02
 -1.4967065E-02
 -1.8988129E-02
 -2.3780894E-02
 -2.9411994E-02
 -3.6083143E-02
 -4.3591317E-02
 -5.1433228E-02
 -5.9822816E-02
 -6.8388157E-02
 -7.6633066E-02
 -8.3822943E-02
 -8.8818200E-02
 -9.0271942E-02
 -8.7191090E-02
 -7.9818673E-02
 -6.9115289E-02
 -5.5257075E-02
 -3.7825618E-02
 -2.0162966E-02
 -1.0734222E-02
 -5.7621808E-03
 -2.9692636E-03
 -1.4358374E-03
 -6.2557770E-04
 -2.1931469E-04
 -3.2001946E-05
  4.0910189E-05
  5.8676891E-05
  5.2938649E-05
  3.9397008E-05
  2.5962909E-05
  1.4999308E-05
  7.5182788E-06
  2.9699568E-06
  8.2463521E-07
 -3.6547341E-08
  1.0000000E-10
  1.0000000E-10
 -2.0595412E-06
 -5.2874271E-05
 -1.7290942E-04
 -3.8630271E-04
 -7.1959110E-04
 -1.2045874E-03
 -1.8779574E-03
 -2.7814435E-03
 -3.9591640E-03
 -5.4602819E-03
 -7.3363343E-03
 -9.6460022E-03
 -1.2457905E-02
 -1.5857087E-02
 -1.9940691E-02
 -2.4798291E-02
 -3.0535780E-02
 -3.7444856E-02
 -4.4693731E-02
 -5.2450061E-02
 -6.0423940E-02
 -6.8114594E-02
 -7.4723639E-02
 -7.9040170E-02
 -7.9633191E-02
 -7.5486325E-02
 -6.7289963E-02
 -5.5551011E-02
 -4.0377468E-02
 -2.2088548E-02
 -1.0369361E-02
 -4.4875960E-03
 -1.4281350E-03
  1.2042630E-04
  7.9829252E-04
  9.9804485E-04
  9.5541368E-04
  8.0906949E-04
  6.3358992E-04
  4.6751153E-04
  3.2763518E-04
  2.1763866E-04
  1.3601575E-04
  7.8952478E-05
  4.0816125E-05
  1.7651899E-05
  5.0734538E-06
  9.8266668E-08
  1.0000000E-10
  1.0000000E-10
 -1.5515567E-06
 -4.0331226E-05
 -1.3248569E-04
 -2.9716035E-04
 -5.5581453E-04
 -9.3425607E-04
 -1.4634327E-03
 -2.1783200E-03
 -3.1179492E-03
 -4.3252548E-03
 -5.8486168E-03
 -7.7405600E-03
 -1.0064431E-02
 -1.2896140E-02
 -1.6328782E-02
 -2.0459620E-02
 -2.5384666E-02
 -3.1285159E-02
 -3.7969645E-02
 -4.4942513E-02
 -5.2146539E-02
 -5.9063882E-02
 -6.4862542E-02
 -6.8284512E-02
 -6.7840882E-02
 -6.2497243E-02
 -5.3318039E-02
 -4.0431958E-02
 -2.4029722E-02
 -9.7283702E-03
 -2.1859119E-03
  1.4251398E-03
  3.0321570E-03
  3.5223914E-03
  3.4013796E-03
  2.9831580E-03
  2.4568366E-03
  1.9294390E-03
  1.4552855E-03
  1.0569965E-03
  7.3824887E-04
  4.9362349E-04
  3.1266187E-04
  1.8431169E-04
  9.7493437E-05
  4.3008666E-05
  1.2926510E-05
  4.0573923E-07
  1.0000000E-10
  1.0000000E-10
 -1.0774686E-06
 -2.9463834E-05
 -9.7319491E-05
 -2.1922287E-04
 -4.1191748E-04
 -6.9634762E-04
 -1.0970624E-03
 -1.6433921E-03
 -2.3685519E-03
 -3.3100527E-03
 -4.5105820E-03
 -6.0189231E-03
 -7.8916596E-03
 -1.0198031E-02
 -1.3022171E-02
 -1.6461404E-02
 -2.0611743E-02
 -2.5569588E-02
 -3.1473629E-02
 -3.7703127E-02
 -4.4043925E-02
 -5.0059590E-02
 -5.4884702E-02
 -5.7240672E-02
 -5.5620573E-02
 -4.9061723E-02
 -3.8654968E-02
 -2.4758397E-02
 -9.7206440E-03
  4.9861462E-04
  5.2474015E-03
  7.1063908E-03
  7.4317497E-03
  6.9345925E-03
  6.0437932E-03
  5.0208075E-03
  4.0160599E-03
  3.1080581E-03
  2.3315914E-03
  1.6943564E-03
  1.1887646E-03
  8.0038246E-04
  5.1141327E-04
  3.0442979E-04
  1.6280697E-04
  7.2573923E-05
  2.2145512E-05
  8.1922281E-07
  1.0000000E-10
  1.0000000E-10
 -7.0080728E-07
 -2.0241501E-05
 -6.7641733E-05
 -1.5332297E-04
 -2.9015882E-04
 -4.9385073E-04
 -7.8438543E-04
 -1.1849429E-03
 -1.7235854E-03
 -2.4323496E-03
 -3.3487151E-03
 -4.5165713E-03
 -5.9876521E-03
 -7.8239301E-03
 -1.0102282E-02
 -1.2912128E-02
 -1.6349956E-02
 -2.0498227E-02
 -2.5428014E-02
 -3.0975869E-02
 -3.6475569E-02
 -4.1562982E-02
 -4.5355394E-02
 -4.6562459E-02
 -4.3702081E-02
 -3.5958841E-02
 -2.4394697E-02
 -1.0298509E-02
  2.1270448E-03
  9.1974447E-03
  1.1835574E-02
  1.2169168E-02
  1.1319475E-02
  9.9144494E-03
  8.3263405E-03
  6.7670573E-03
  5.3462209E-03
  4.1131722E-03
  3.0808295E-03
  2.2413922E-03
  1.5780224E-03
  1.0670786E-03
  6.8556314E-04
  4.1016948E-04
  2.2071625E-04
  9.9003802E-05
  3.0435573E-05
  1.2769832E-06
  1.0000000E-10
  1.0000000E-10
 -3.5271739E-07
 -1.2908177E-05
 -4.3443735E-05
 -9.9523641E-05
 -1.9024020E-04
 -3.2749076E-04
 -5.2585395E-04
 -8.0425869E-04
 -1.1852832E-03
 -1.6959013E-03
 -2.3686411E-03
 -3.2426873E-03
 -4.3641012E-03
 -5.7897251E-03
 -7.5881383E-03
 -9.8411944E-03
 -1.2638018E-02
 -1.6058533E-02
 -2.0144437E-02
 -2.4842978E-02
 -2.9635824E-02
 -3.3863850E-02
 -3.6675237E-02
 -3.6759116E-02
 -3.2668125E-02
 -2.3675593E-02
 -1.1164880E-02
  1.8776933E-03
  1.1722768E-02
  1.6292926E-02
  1.7150285E-02
  1.6129587E-02
  1.4247772E-02
  1.2074816E-02
  9.9244248E-03
  7.9543637E-03
  6.2308791E-03
  4.7713746E-03
  3.5669832E-03
  2.5954768E-03
  1.8295977E-03
  1.2400035E-03
  7.9857209E-04
  4.7936384E-04
  2.5869938E-04
  1.1653208E-04
  3.5890967E-05
  1.5928636E-06
  1.0000000E-10
  1.0000000E-10
 -9.8956761E-08
 -7.0243668E-06
 -2.4197643E-05
 -5.6543453E-05
 -1.1027190E-04
 -1.9360655E-04
 -3.1772887E-04
 -4.9624371E-04
 -7.4774097E-04
 -1.0942096E-03
 -1.5637823E-03
 -2.1902244E-03
 -3.0154332E-03
 -4.0895273E-03
 -5.4741963E-03
 -7.2425785E-03
 -9.4748847E-03
 -1.2246563E-02
 -1.5597860E-02
 -1.9469226E-02
 -2.3560736E-02
 -2.7077448E-02
 -2.9052475E-02
 -2.8157519E-02
 -2.2927836E-02
 -1.2634367E-02
 -1.1570091E-04
  1.1515878E-02
  1.8962227E-02
  2.1437796E-02
  2.0761222E-02
  1.8603081E-02
  1.5906963E-02
  1.3174958E-02
  1.0652150E-02
  8.4392503E-03
  6.5575684E-03
  4.9950220E-03
  3.7219112E-03
  2.7037014E-03
  1.9045343E-03
  1.2910108E-03
  8.3211181E-04
  4.9997558E-04
  2.7023998E-04
  1.2181940E-04
  3.7623882E-05
  1.6624172E-06
  1.0000000E-10
  1.0000000E-10
  5.2033037E-08
 -2.4910069E-06
 -9.2803548E-06
 -2.3120983E-05
 -4.7940066E-05
 -8.9200032E-05
 -1.5452014E-04
 -2.5432924E-04
 -4.0275644E-04
 -6.1766442E-04
 -9.2266453E-04
 -1.3467345E-03
 -1.9267023E-03
 -2.7066998E-03
 -3.7408881E-03
 -5.0935796E-03
 -6.8339389E-03
 -9.0325596E-03
 -1.1729525E-02
 -1.4884027E-02
 -1.8244600E-02
 -2.1175532E-02
 -2.2518044E-02
 -2.0890919E-02
 -1.4657046E-02
 -3.7773107E-03
  8.3326166E-03
  1.8335745E-02
  2.3597978E-02
  2.4304166E-02
  2.2383945E-02
  1.9389702E-02
  1.6171835E-02
  1.3144420E-02
  1.0474724E-02
  8.2054976E-03
  6.3206847E-03
  4.7820248E-03
  3.5444850E-03
  2.5642451E-03
  1.8010201E-03
  1.2183584E-03
  7.8402035E-04
  4.7080198E-04
  2.5422065E-04
  1.1468580E-04
  3.5344838E-05
  1.5631042E-06
  1.0000000E-10
  1.0000000E-10
  1.2988683E-07
  9.4713380E-07
  1.8676808E-06
  1.7079393E-06
 -1.5038286E-06
 -1.1418593E-05
 -3.2688291E-05
 -7.3028466E-05
 -1.4314528E-04
 -2.5690946E-04
 -4.3393142E-04
 -6.9808448E-04
 -1.0816710E-03
 -1.6218042E-03
 -2.3644639E-03
 -3.3635362E-03
 -4.6791327E-03
 -6.3712448E-03
 -8.4815221E-03
 -1.0987449E-02
 -1.3692392E-02
 -1.6055442E-02
 -1.6974866E-02
 -1.4909952E-02
 -8.2332063E-03
  2.5969057E-03
  1.3850973E-02
  2.2097025E-02
  2.5416154E-02
  2.4719087E-02
  2.1938300E-02
  1.8491220E-02
  1.5098611E-02
  1.2065860E-02
  9.4820373E-03
  7.3408564E-03
  5.5961972E-03
  4.1951002E-03
  3.0841648E-03
  2.2149310E-03
  1.5459233E-03
  1.0399413E-03
  6.6621695E-04
  3.9841322E-04
  2.1451889E-04
  9.6437892E-05
  2.9725234E-05
  1.2445009E-06
  1.0000000E-10
  1.0000000E-10
  2.6550731E-07
  3.2080916E-06
  9.2904756E-06
  1.8318098E-05
  2.9590949E-05
  4.0908923E-05
  4.9677066E-05
  5.0209026E-05
  3.5560002E-05
 -5.6480990E-06
 -8.8937115E-05
 -2.3342055E-04
 -4.6536420E-04
 -8.1520644E-04
 -1.3197670E-03
 -2.0223251E-03
 -2.9704974E-03
 -4.2144847E-03
 -5.7930131E-03
 -7.6998584E-03
 -9.7928327E-03
 -1.1636409E-02
 -1.2254486E-02
 -1.0126821E-02
 -3.6982838E-03
  6.3576484E-03
  1.6245240E-02
  2.2646768E-02
  2.4360845E-02
  2.2707187E-02
  1.9542390E-02
  1.6082538E-02
  1.2881109E-02
  1.0129543E-02
  7.8488765E-03
  5.9962636E-03
  4.5126658E-03
  3.3387237E-03
  2.4226957E-03
  1.7175400E-03
  1.1835966E-03
  7.8682293E-04
  4.9841538E-04
  2.9520871E-04
  1.5755472E-04
  7.0134760E-05
  2.1431370E-05
  8.8292694E-07
  1.0000000E-10
  1.0000000E-10
  2.7262934E-07
  4.3316477E-06
  1.2849419E-05
  2.6263939E-05
  4.4574987E-05
  6.6903522E-05
  9.1831862E-05
  1.1600793E-04
  1.3403258E-04
  1.3827202E-04
  1.1704655E-04
  5.5375487E-05
 -6.5965745E-05
 -2.7038823E-04
 -5.8438274E-04
 -1.0392535E-03
 -1.6699657E-03
 -2.5140673E-03
 -3.6050389E-03
 -4.9482873E-03
 -6.4520780E-03
 -7.7995434E-03
 -8.2102688E-03
 -6.3652056E-03
 -8.9627999E-04
  7.5308238E-03
  1.5467468E-02
  1.9999135E-02
  2.0519193E-02
  1.8467832E-02
  1.5465051E-02
  1.2450210E-02
  9.7919283E-03
  7.5788423E-03
  5.7845195E-03
  4.3505146E-03
  3.2180145E-03
  2.3346629E-03
  1.6565775E-03
  1.1457205E-03
  7.6833268E-04
  4.9627945E-04
  3.0547232E-04
  1.7538361E-04
  9.0881229E-05
  3.9251900E-05
  1.1679314E-05
  3.0535341E-07
  1.0000000E-10
  1.0000000E-10
  2.7940135E-07
  3.7982529E-06
  1.1499970E-05
  2.3737532E-05
  4.1292904E-05
  6.3849089E-05
  9.0902082E-05
  1.2089009E-04
  1.5037738E-04
  1.7422890E-04
  1.8469537E-04
  1.7229056E-04
  1.2441161E-04
  2.6415681E-05
 -1.3739213E-04
 -3.8637753E-04
 -7.4072322E-04
 -1.2250041E-03
 -1.8629959E-03
 -2.6648217E-03
 -3.5839188E-03
 -4.4293506E-03
 -4.6829409E-03
 -3.4069859E-03
  4.0312277E-04
  6.2620924E-03
  1.1603945E-02
  1.4291818E-02
  1.4124387E-02
  1.2321010E-02
  1.0054634E-02
  7.9240985E-03
  6.1209109E-03
  4.6596266E-03
  3.4964450E-03
  2.5784420E-03
  1.8605440E-03
  1.3073521E-03
  8.8978879E-04
  5.8342202E-04
  3.6607645E-04
  2.1775026E-04
  1.2119697E-04
  6.1518222E-05
  2.7535074E-05
  9.8119535E-06
  2.0944358E-06
 -3.0442612E-07
  1.0000000E-10
  1.0000000E-10
 -5.5098244E-08
  1.0570648E-06
  3.9524516E-06
  9.4834068E-06
  1.8155173E-05
  3.0165595E-05
  4.5360823E-05
  6.3189473E-05
  8.1668069E-05
  9.9259996E-05
  1.1255230E-04
  1.1790452E-04
  1.1079995E-04
  8.6226479E-05
  3.9112645E-05
 -3.7011981E-05
 -1.4880583E-04
 -3.0537409E-04
 -5.1598618E-04
 -7.8819378E-04
 -1.1101249E-03
 -1.4183454E-03
 -1.5180247E-03
 -1.0308173E-03
  4.6485153E-04
  2.7839411E-03
  4.8464006E-03
  5.7460563E-03
  5.4782066E-03
  4.6206522E-03
  3.6616963E-03
  2.8151905E-03
  2.1276919E-03
  1.5863818E-03
  1.1628368E-03
  8.3198294E-04
  5.7450135E-04
  3.7719007E-04
  2.2980626E-04
  1.2483621E-04
  5.4309214E-05
  1.1505954E-05
 -1.0414231E-05
 -1.7830500E-05
 -1.6380773E-05
 -1.0693502E-05
 -4.5864613E-06
 -7.6077123E-07
  1.0000000E-10
  1.0000000E-10
  1.0000000E-10
  1.0000000E-10
  1.0000000E-10
  1.0000000E-10
  1.0000000E-10
  1.0000000E-10
  1.0000000E-10
  1.0000000E-10
  1.0000000E-10
  1.0000000E-10
  1.0000000E-10
  1.0000000E-10
  1.0000000E-10
  1.0000000E-10
  1.0000000E-10
  1.0000000E-10
  1.0000000E-10
  1.0000000E-10
  1.0000000E-10
  1.0000000E-10
  1.0000000E-10
  1.0000000E-10
  1.0000000E-10
  1.0000000E-10
  1.0000000E-10
  1.0000000E-10
  1.0000000E-10
  1.0000000E-10
  1.0000000E-10
  1.0000000E-10
  1.0000000E-10
  1.0000000E-10
  1.0000000E-10
  1.0000000E-10
  1.0000000E-10
  1.0000000E-10
  1.0000000E-10
  1.0000000E-10
  1.0000000E-10
  1.0000000E-10
  1.0000000E-10
  1.0000000E-10
  1.0000000E-10
  1.0000000E-10
  1.0000000E-10
  1.0000000E-10
  1.0000000E-10
  1.0000000E-10
  1.0000000E-10
