  0.0000000E+00
  6.3028419E-03
  1.3488081E-02
  2.1679254E-02
  3.1017190E-02
  4.1662440E-02
  5.3798020E-02
  6.7632586E-02
  8.3403990E-02
  0.1013834    
  0.1218799    
  0.1452459    
  0.1718832    
  0.2022497    
  0.2368675    
  0.2763318    
  0.3213211    
  0.3726089    
  0.4310769    
  0.4977306    
  0.5737157    
  0.6603387    
  0.7590889    
  0.8716642    
   1.000000    
   1.128336    
   1.240911    
   1.339661    
   1.426284    
   1.502270    
   1.568923    
   1.627391    
   1.678679    
   1.723668    
   1.763133    
   1.797750    
   1.828117    
   1.854754    
   1.878120    
   1.898617    
   1.916596    
   1.932367    
   1.946202    
   1.958338    
   1.968983    
   1.978321    
   1.986512    
   1.993697    
   2.000000    
