  1.0000000E-10
  -1.734456    
  -1.734456    
  1.0000000E-10
  1.0000000E-10
  1.0000000E-10
  1.0000000E-10
  1.0000000E-10
  1.0000000E-10
  1.0000000E-10
  1.0000000E-10
  1.0000000E-10
  1.0000000E-10
  1.0000000E-10
  1.0000000E-10
  1.0000000E-10
  1.0000000E-10
  1.0000000E-10
  1.0000000E-10
  1.0000000E-10
  1.0000000E-10
  1.0000000E-10
   1.000000    
   1.000000    
   1.000000    
  1.0000000E-10
  1.0000000E-10
 -0.4912832    
 -0.5249515    
 -0.3449541    
 -0.2195651    
 -0.1267827    
 -6.7008130E-02
 -3.2379098E-02
 -1.4000789E-02
 -4.4784108E-03
  3.3853848E-06
  1.3944985E-03
  1.8034376E-03
  1.5926766E-03
  9.2981110E-04
 -3.7754761E-04
 -3.0170896E-03
 -9.0928208E-03
 -2.2711249E-02
 -4.7882274E-02
 -6.9999464E-02
  0.3785083    
   1.001236    
  0.9673300    
  0.7121374    
  1.0000000E-10
  1.0000000E-10
 -0.3504720    
 -0.5571378    
 -0.3776217    
 -0.2591943    
 -0.1783459    
 -0.1247229    
 -8.9307867E-02
 -6.6334955E-02
 -4.9393293E-02
 -2.0571293E-02
 -5.9628654E-03
  1.7194001E-03
  4.7028512E-03
  4.6446137E-03
  1.7900022E-03
 -4.9164658E-03
 -1.7659962E-02
 -3.9570853E-02
 -5.7588123E-02
  0.1327289    
  0.5401986    
  0.9779903    
  0.8633208    
  0.4461886    
  1.0000000E-10
  1.0000000E-10
 -7.7020898E-02
 -0.1822169    
 -0.2193218    
 -0.2046103    
 -0.1764073    
 -0.1464747    
 -0.1201561    
 -9.9306040E-02
 -8.1360161E-02
 -4.9072694E-02
 -1.9671399E-02
 -1.6919947E-03
  6.9396743E-03
  9.1262171E-03
  6.0800710E-03
 -2.6005460E-03
 -1.7424421E-02
 -3.7637245E-02
  5.5008922E-03
  0.2609232    
  0.6290478    
  0.9217965    
  0.7105704    
  0.2550815    
  1.0000000E-10
  1.0000000E-10
 -3.4779966E-02
 -9.3175337E-02
 -0.1350726    
 -0.1544489    
 -0.1558814    
 -0.1498251    
 -0.1398952    
 -0.1271055    
 -0.1087826    
 -7.2709896E-02
 -3.7452567E-02
 -8.7076286E-03
  6.7533506E-03
  1.2539508E-02
  1.1532025E-02
  4.8422809E-03
 -6.2517854E-03
 -1.7282000E-02
  9.4723500E-02
  0.3548489    
  0.6710302    
  0.8371556    
  0.5697030    
  0.1737395    
  1.0000000E-10
  1.0000000E-10
 -1.5961176E-02
 -4.7661148E-02
 -7.9550862E-02
 -0.1073811    
 -0.1287804    
 -0.1435900    
 -0.1501354    
 -0.1474828    
 -0.1315516    
 -9.5181286E-02
 -5.4578476E-02
 -1.7492849E-02
  4.9046678E-03
  1.5133434E-02
  1.7858528E-02
  1.5623875E-02
  1.0440416E-02
  2.4403365E-02
  0.1696602    
  0.4243382    
  0.6794248    
  0.7401218    
  0.4585530    
  0.1372176    
  1.0000000E-10
  1.0000000E-10
 -9.5136482E-03
 -3.0013973E-02
 -5.4027170E-02
 -8.0690637E-02
 -0.1085427    
 -0.1352288    
 -0.1557302    
 -0.1622878    
 -0.1500591    
 -0.1146566    
 -7.0917822E-02
 -2.6845377E-02
  2.5358924E-03
  1.7865820E-02
  2.5957154E-02
  3.0108120E-02
  3.2991432E-02
  7.6940134E-02
  0.2382807    
  0.4744588    
  0.6635806    
  0.6408779    
  0.3745438    
  0.1133552    
  1.0000000E-10
  1.0000000E-10
 -6.8592611E-03
 -2.2550998E-02
 -4.2660374E-02
 -6.7911461E-02
 -9.8283894E-02
 -0.1314322    
 -0.1601852    
 -0.1734637    
 -0.1645090    
 -0.1308722    
 -8.5381776E-02
 -3.5084877E-02
  8.5877709E-04
  2.1851089E-02
  3.5533454E-02
  4.5379128E-02
  5.6077261E-02
  0.1293154    
  0.2981553    
  0.5059868    
  0.6286677    
  0.5460608    
  0.3093455    
  9.4473831E-02
  1.0000000E-10
  1.0000000E-10
 -6.1323629E-03
 -2.0593040E-02
 -3.9875604E-02
 -6.5293647E-02
 -9.7461618E-02
 -0.1340673    
 -0.1667523    
 -0.1830214    
 -0.1756248    
 -0.1437713    
 -9.7495675E-02
 -4.2352140E-02
  1.7874839E-04
  2.6924081E-02
  4.6000905E-02
  6.0890723E-02
  8.5699022E-02
  0.1799739    
  0.3479163    
  0.5194703    
  0.5794677    
  0.4601597    
  0.2562432    
  7.8594565E-02
  1.0000000E-10
  1.0000000E-10
 -6.4771227E-03
 -2.1858862E-02
 -4.2525381E-02
 -6.9905795E-02
 -0.1044426    
 -0.1430290    
 -0.1762773    
 -0.1920290    
 -0.1841921    
 -0.1534304    
 -0.1069031    
 -4.8145086E-02
  5.9390423E-04
  3.2855496E-02
  5.6680117E-02
  7.6070994E-02
  0.1190776    
  0.2276023    
  0.3859858    
  0.5158010    
  0.5210335    
  0.3853673    
  0.2119738    
  6.5092728E-02
  1.0000000E-10
  1.0000000E-10
 -7.6862196E-03
 -2.5726723E-02
 -4.9573865E-02
 -8.0388278E-02
 -0.1177393    
 -0.1570180    
 -0.1880867    
 -0.2005072    
 -0.1906615    
 -0.1600296    
 -0.1135345    
 -5.2442856E-02
  1.8230750E-03
  3.9078161E-02
  6.6810511E-02
  9.3825296E-02
  0.1536301    
  0.2704822    
  0.4110882    
  0.4963505    
  0.4578997    
  0.3210743    
  0.1746088    
  5.3524081E-02
  1.0000000E-10
  1.0000000E-10
 -9.7902222E-03
 -3.2159489E-02
 -6.0699049E-02
 -9.5831610E-02
 -0.1356455    
 -0.1738240    
 -0.2003187    
 -0.2075216    
 -0.1947226    
 -0.1636841    
 -0.1174820    
 -5.5512145E-02
  3.0315646E-03
  4.4312641E-02
  7.5915970E-02
  0.1140903    
  0.1891723    
  0.3072490    
  0.4220296    
  0.4622405    
  0.3926228    
  0.2642434    
  0.1418949    
  4.3251686E-02
  1.0000000E-10
  1.0000000E-10
 -1.2732825E-02
 -4.0796477E-02
 -7.4907102E-02
 -0.1142454    
 -0.1550844    
 -0.1898635    
 -0.2098986    
 -0.2111106    
 -0.1951166    
 -0.1640469    
 -0.1188270    
 -5.7900563E-02
  4.3349732E-03
  4.8893094E-02
  8.6296968E-02
  0.1382313    
  0.2259286    
  0.3353624    
  0.4154779    
  0.4120531    
  0.3236972    
  0.2095914    
  0.1104230    
  3.3185404E-02
  1.0000000E-10
  1.0000000E-10
 -1.6093941E-02
 -5.0242625E-02
 -8.9576252E-02
 -0.1316656    
 -0.1710732    
 -0.2000491    
 -0.2126053    
 -0.2083232    
 -0.1902838    
 -0.1597827    
 -0.1167375    
 -6.0361329E-02
  4.7912127E-03
  5.2819654E-02
  0.1005825    
  0.1686770    
  0.2567919    
  0.3444089    
  0.3873638    
  0.3469262    
  0.2514871    
  0.1547327    
  7.8462780E-02
  2.2728330E-02
  1.0000000E-10
  1.0000000E-10
 -1.8846286E-02
 -5.7410955E-02
 -9.9514462E-02
 -0.1412351    
 -0.1762765    
 -0.1981605    
 -0.2042557    
 -0.1967823    
 -0.1789708    
 -0.1509495    
 -0.1122557    
 -6.1452013E-02
  1.5470134E-03
  6.2202543E-02
  0.1207311    
  0.1926340    
  0.2703982    
  0.3313170    
  0.3384733    
  0.2707109    
  0.1777114    
  0.1004871    
  4.7016837E-02
  1.2437656E-02
  1.0000000E-10
  1.0000000E-10
 -1.9914554E-02
 -5.9387371E-02
 -0.1004619    
 -0.1384554    
 -0.1674522    
 -0.1831397    
 -0.1855275    
 -0.1776580    
 -0.1628045    
 -0.1398487    
 -0.1062536    
 -5.9209347E-02
  5.2189282E-03
  7.1871154E-02
  0.1357774    
  0.2040988    
  0.2656078    
  0.2981830    
  0.2730352    
  0.1870513    
  0.1057038    
  5.0772142E-02
  1.9471457E-02
  3.7888647E-03
  1.0000000E-10
  1.0000000E-10
 -1.8686274E-02
 -5.4847874E-02
 -9.1133699E-02
 -0.1230371    
 -0.1458811    
 -0.1574212    
 -0.1589193    
 -0.1536905    
 -0.1432781    
 -0.1254204    
 -9.7407334E-02
 -5.5464681E-02
  6.7602531E-03
  7.6762199E-02
  0.1417034    
  0.2021092    
  0.2449215    
  0.2503048    
  0.1979776    
  0.1053192    
  4.3572545E-02
  1.1381415E-02
 -7.3022046E-04
 -2.0810515E-03
  1.0000000E-10
  1.0000000E-10
 -1.5027828E-02
 -4.3843601E-02
 -7.2361074E-02
 -9.7076438E-02
 -0.1148463    
 -0.1248033    
 -0.1280825    
 -0.1269085    
 -0.1213540    
 -0.1089833    
 -8.6807877E-02
 -5.0773088E-02
  6.4302008E-03
  7.5924501E-02
  0.1387158    
  0.1892162    
  0.2133691    
  0.1945682    
  0.1208660    
  3.6419202E-02
 -2.4982095E-03
 -1.3655878E-02
 -1.2070182E-02
 -5.0249561E-03
  1.0000000E-10
  1.0000000E-10
 -9.4386488E-03
 -2.7957553E-02
 -4.6945851E-02
 -6.4448088E-02
 -7.8780688E-02
 -8.9588650E-02
 -9.6184976E-02
 -9.9537544E-02
 -9.8974079E-02
 -9.1962636E-02
 -7.5469173E-02
 -4.5657098E-02
  4.7253720E-03
  7.0195638E-02
  0.1286721    
  0.1691761    
  0.1766116    
  0.1375851    
  4.7097813E-02
 -1.1191859E-02
 -2.4989882E-02
 -2.3063468E-02
 -1.5189319E-02
 -5.4604830E-03
  1.0000000E-10
  1.0000000E-10
 -3.1825663E-03
 -1.0265104E-02
 -1.9220725E-02
 -3.0248363E-02
 -4.2865515E-02
 -5.5808514E-02
 -6.6286735E-02
 -7.3737934E-02
 -7.7544093E-02
 -7.5251646E-02
 -6.4001538E-02
 -4.0433533E-02
  1.9673579E-03
  6.0613416E-02
  0.1133843    
  0.1450981    
  0.1387738    
  8.1733413E-02
 -1.4119913E-02
 -3.4884553E-02
 -3.4799833E-02
 -2.6816837E-02
 -1.6205775E-02
 -5.4908055E-03
  1.0000000E-10
  1.0000000E-10
  1.4208356E-03
  3.1343682E-03
  3.1255998E-03
 -6.3936008E-05
 -8.5330401E-03
 -2.3909215E-02
 -4.0057082E-02
 -5.0536554E-02
 -5.7450045E-02
 -5.8938313E-02
 -5.2426878E-02
 -3.5045873E-02
 -1.3608009E-03
  4.8236590E-02
  9.4344050E-02
  0.1192567    
  0.1035539    
  3.2015897E-02
 -2.9256329E-02
 -4.2687774E-02
 -4.0273808E-02
 -3.0768102E-02
 -1.8631587E-02
 -6.3445568E-03
  1.0000000E-10
  1.0000000E-10
  2.5114815E-03
  6.7535583E-03
  1.0064440E-02
  1.1344583E-02
  9.1072116E-03
  1.7777595E-03
 -1.1515783E-02
 -2.8052291E-02
 -3.8016677E-02
 -4.2569119E-02
 -4.0295478E-02
 -2.8891776E-02
 -4.4272686E-03
  3.4216322E-02
  7.2396763E-02
  9.2524089E-02
  7.1694151E-02
 -2.2540397E-03
 -3.4028746E-02
 -4.3122776E-02
 -4.0480543E-02
 -3.1477179E-02
 -1.9469138E-02
 -6.7854333E-03
  1.0000000E-10
  1.0000000E-10
  1.6381928E-03
  4.6687992E-03
  7.4596684E-03
  9.3628922E-03
  9.4472868E-03
  6.8197027E-03
  1.3651612E-03
 -6.2658270E-03
 -1.6523793E-02
 -2.3987923E-02
 -2.6049417E-02
 -2.0907396E-02
 -6.1312960E-03
  1.9766917E-02
  4.9690068E-02
  6.5565653E-02
  4.1341610E-02
 -8.1374422E-03
 -2.7490804E-02
 -3.2880157E-02
 -3.0535566E-02
 -2.3805762E-02
 -1.4897265E-02
 -5.2684746E-03
  1.0000000E-10
  1.0000000E-10
  6.0303824E-04
  1.8559800E-03
  3.1631629E-03
  4.2231618E-03
  4.5489138E-03
  3.6552474E-03
  1.6049471E-03
 -7.3735026E-04
 -3.5886408E-03
 -8.1312647E-03
 -1.1791775E-02
 -1.1490751E-02
 -5.5638351E-03
  6.9884327E-03
  2.3439854E-02
  3.4412801E-02
  9.7042099E-03
 -9.4397422E-03
 -1.6663581E-02
 -1.6476985E-02
 -1.3726480E-02
 -1.0026934E-02
 -5.9534837E-03
 -1.9867015E-03
  1.0000000E-10
  1.0000000E-10
  2.2847273E-05
  1.9460243E-04
  4.6483372E-04
  7.3304476E-04
  8.4124145E-04
  6.5951166E-04
  3.0068669E-04
  2.3597706E-04
  3.9274397E-04
 -2.5683403E-04
 -2.0934821E-03
 -3.5334311E-03
 -3.4243097E-03
 -1.4333144E-03
  1.7308893E-03
  1.4355233E-03
 -3.7196379E-03
 -7.6561593E-03
 -6.5276246E-03
 -3.8760181E-03
 -1.9362058E-03
 -6.9865974E-04
  2.2150942E-05
  2.0694555E-04
  1.0000000E-10
  1.0000000E-10
  1.0000000E-10
  1.0000000E-10
  1.0000000E-10
  1.0000000E-10
  1.0000000E-10
  1.0000000E-10
  1.0000000E-10
  1.0000000E-10
  1.0000000E-10
  1.0000000E-10
  1.0000000E-10
  1.0000000E-10
  1.0000000E-10
  1.0000000E-10
  1.0000000E-10
  1.0000000E-10
  1.0000000E-10
  1.0000000E-10
  1.0000000E-10
  1.0000000E-10
  1.0000000E-10
  1.0000000E-10
  1.0000000E-10
  1.0000000E-10
  1.0000000E-10
