  1.0000000E-10
  1.0000000E-10
  1.0000000E-10
  1.0000000E-10
  1.0000000E-10
  1.0000000E-10
  1.0000000E-10
  1.0000000E-10
  1.0000000E-10
  1.0000000E-10
  1.0000000E-10
  1.0000000E-10
  1.0000000E-10
  1.0000000E-10
  1.0000000E-10
  1.0000000E-10
  1.0000000E-10
  1.0000000E-10
  1.0000000E-10
  1.0000000E-10
  1.0000000E-10
  1.0000000E-10
  1.0000000E-10
  1.0000000E-10
  1.0000000E-10
  1.0000000E-10
  1.0000000E-10
 -0.2483031    
 -0.5898148    
 -0.6230827    
 -0.4422575    
 -0.3203475    
 -0.2191228    
 -0.1390606    
 -7.3089577E-02
 -1.6177259E-02
  2.9058317E-02
  4.3720189E-02
  4.5779478E-02
  3.7082367E-02
  2.6913313E-02
  2.0716066E-02
  2.1714780E-02
  3.2581441E-02
  6.0091570E-02
  9.7463168E-02
  0.1786487    
 -5.8214553E-02
 -0.1202954    
 -0.1174111    
 -7.9132892E-02
  1.0000000E-10
  1.0000000E-10
 -3.1685226E-02
 -0.1199859    
 -0.1839765    
 -0.2075754    
 -0.2065688    
 -0.1813629    
 -0.1394105    
 -8.6986855E-02
 -2.9207397E-02
  4.2647026E-02
  7.7818468E-02
  9.3803436E-02
  8.8051736E-02
  7.3801965E-02
  6.1816406E-02
  5.8704529E-02
  6.5414384E-02
  7.9048060E-02
  9.2157148E-02
  2.7152246E-02
 -9.2766911E-02
 -0.1183153    
 -8.8872224E-02
 -3.5459515E-02
  1.0000000E-10
  1.0000000E-10
 -1.0968816E-02
 -4.6634421E-02
 -8.7463394E-02
 -0.1102349    
 -0.1213674    
 -0.1182917    
 -9.9716909E-02
 -6.6891789E-02
 -2.4324212E-02
  3.0816806E-02
  7.7288263E-02
  0.1065981    
  0.1112423    
  0.1021933    
  9.0422392E-02
  8.1823796E-02
  7.5237058E-02
  7.1492724E-02
  4.0645994E-02
 -1.5445477E-02
 -8.4596530E-02
 -8.7241523E-02
 -4.8403986E-02
 -6.5347240E-03
  1.0000000E-10
  1.0000000E-10
 -1.5082448E-03
 -1.1950866E-02
 -3.1307165E-02
 -5.2422002E-02
 -6.7905985E-02
 -7.3041864E-02
 -6.6215590E-02
 -4.6446972E-02
 -1.6155805E-02
  2.4195323E-02
  6.5217935E-02
  9.9782221E-02
  0.1122822    
  0.1089863    
  9.8964445E-02
  8.6795263E-02
  7.2408110E-02
  5.9021495E-02
  1.3840758E-02
 -2.9979996E-02
 -7.0156038E-02
 -6.0054865E-02
 -2.2606220E-02
  1.0270713E-03
  1.0000000E-10
  1.0000000E-10
 -3.9234801E-04
 -4.2051119E-03
 -1.2681547E-02
 -2.4520973E-02
 -3.6025982E-02
 -4.2665899E-02
 -4.0264662E-02
 -2.8151369E-02
 -7.1532903E-03
  2.2492182E-02
  5.6083918E-02
  8.6960435E-02
  0.1019627    
  0.1015234    
  9.2577800E-02
  7.8793086E-02
  6.2765524E-02
  4.0157709E-02
 -2.2117014E-03
 -3.5894800E-02
 -5.7756431E-02
 -4.1019432E-02
 -1.0827593E-02
  1.0523805E-03
  1.0000000E-10
  1.0000000E-10
 -9.6711869E-05
 -1.3981744E-03
 -4.6539982E-03
 -1.0061611E-02
 -1.6471358E-02
 -2.1016950E-02
 -2.0154968E-02
 -1.2176818E-02
  1.7444360E-03
  2.3275506E-02
  4.9142875E-02
  7.3784724E-02
  8.7744765E-02
  8.7496236E-02
  7.7780634E-02
  6.2819615E-02
  4.7258712E-02
  2.2509007E-02
 -1.3207672E-02
 -3.8281761E-02
 -4.7679044E-02
 -2.8358586E-02
 -6.3909744E-03
  3.3799594E-04
  1.0000000E-10
  1.0000000E-10
 -2.9383287E-05
 -4.5633913E-04
 -1.5584193E-03
 -3.4778889E-03
 -5.8038146E-03
 -7.0849149E-03
 -5.3079403E-03
  5.4046285E-04
  1.0006832E-02
  2.4983775E-02
  4.3757971E-02
  6.2898897E-02
  7.3814064E-02
  7.1829602E-02
  6.1796214E-02
  4.7581811E-02
  3.3339687E-02
  8.8182082E-03
 -2.0390434E-02
 -3.7907306E-02
 -3.8717777E-02
 -1.9781815E-02
 -4.4378089E-03
  6.8261426E-05
  1.0000000E-10
  1.0000000E-10
 -6.2723343E-06
 -5.4103184E-05
 -1.5239330E-04
 -2.2636843E-04
  5.2253235E-05
  1.4405000E-03
  4.6993052E-03
  9.8186005E-03
  1.6460801E-02
  2.6364662E-02
  3.9074663E-02
  5.2913345E-02
  6.0835008E-02
  5.7531197E-02
  4.7461182E-02
  3.5221305E-02
  2.0892454E-02
 -1.7191245E-03
 -2.4828661E-02
 -3.5539057E-02
 -3.0629328E-02
 -1.3946643E-02
 -3.2855181E-03
 -1.8957700E-05
  1.0000000E-10
  1.0000000E-10
  3.8475500E-06
  1.4662129E-04
  5.7379913E-04
  1.5320260E-03
  3.3901173E-03
  6.5285522E-03
  1.0834797E-02
  1.5533121E-02
  2.0246621E-02
  2.6417026E-02
  3.4178168E-02
  4.3367710E-02
  4.8894692E-02
  4.4774365E-02
  3.5282016E-02
  2.5128910E-02
  1.0412220E-02
 -9.6642682E-03
 -2.7084421E-02
 -3.1953234E-02
 -2.3656746E-02
 -9.9808061E-03
 -2.4681203E-03
 -4.8583457E-05
  1.0000000E-10
  1.0000000E-10
  1.1590327E-05
  2.7956846E-04
  1.0437920E-03
  2.6341744E-03
  5.3884927E-03
  9.3673430E-03
  1.3908585E-02
  1.7899761E-02
  2.0960404E-02
  2.4314165E-02
  2.8152104E-02
  3.3532269E-02
  3.7777163E-02
  3.3281874E-02
  2.5141643E-02
  1.5954774E-02
  1.5142150E-03
 -1.5904818E-02
 -2.8027240E-02
 -2.8088171E-02
 -1.8208584E-02
 -7.3799551E-03
 -1.8901554E-03
 -5.5392895E-05
  1.0000000E-10
  1.0000000E-10
  1.9639670E-05
  3.7897803E-04
  1.3633319E-03
  3.3004526E-03
  6.3977810E-03
  1.0404398E-02
  1.4352788E-02
  1.7128885E-02
  1.8464584E-02
  1.9406797E-02
  2.0071995E-02
  2.2355165E-02
  2.7241908E-02
  2.2654129E-02
  1.5993871E-02
  6.9370274E-03
 -7.4104932E-03
 -2.2003474E-02
 -2.9058430E-02
 -2.5096115E-02
 -1.4663412E-02
 -5.8945506E-03
 -1.5507907E-03
 -5.5830489E-05
  1.0000000E-10
  1.0000000E-10
  2.7628139E-05
  4.3717056E-04
  1.5129230E-03
  3.5057163E-03
  6.4172326E-03
  9.6991183E-03
  1.2253216E-02
  1.3169497E-02
  1.2436296E-02
  1.0927309E-02
  8.7480508E-03
  8.3978837E-03
  1.7305814E-02
  1.1619378E-02
  5.3135799E-03
 -5.2140681E-03
 -1.9470090E-02
 -2.9991182E-02
 -3.1533141E-02
 -2.3903118E-02
 -1.3102292E-02
 -5.3324560E-03
 -1.4368014E-03
 -6.0499442E-05
  1.0000000E-10
  1.0000000E-10
  3.2767846E-05
  4.2768026E-04
  1.4081035E-03
  3.0629993E-03
  5.1140934E-03
  6.7455382E-03
  6.8882778E-03
  4.9899835E-03
  1.3902672E-03
 -3.0461231E-03
 -7.9202782E-03
 -9.7894957E-03
  5.3529716E-03
 -3.3571180E-03
 -1.2013759E-02
 -2.4938213E-02
 -3.6461003E-02
 -4.1069016E-02
 -3.6497962E-02
 -2.5072759E-02
 -1.3271485E-02
 -5.4284302E-03
 -1.4746297E-03
 -6.5272514E-05
  1.0000000E-10
  1.0000000E-10
  3.0534502E-05
  2.9324932E-04
  8.6204882E-04
  1.5749650E-03
  1.8553924E-03
  7.7724707E-04
 -2.5194786E-03
 -8.1587862E-03
 -1.5437841E-02
 -2.3287369E-02
 -3.0592529E-02
 -3.2997347E-02
 -2.1734506E-02
 -2.8047161E-02
 -3.9205149E-02
 -5.0540466E-02
 -5.6678321E-02
 -5.4389618E-02
 -4.3373689E-02
 -2.7576400E-02
 -1.4039790E-02
 -5.5842618E-03
 -1.4728270E-03
 -5.2335668E-05
  1.0000000E-10
  1.0000000E-10
  1.4642545E-05
 -1.0643002E-05
 -2.3390187E-04
 -1.0910790E-03
 -3.3249604E-03
 -7.7271792E-03
 -1.4947858E-02
 -2.4693731E-02
 -3.5714932E-02
 -4.7153637E-02
 -5.7763841E-02
 -6.3103192E-02
 -5.8496270E-02
 -6.1296593E-02
 -7.0747040E-02
 -7.7075884E-02
 -7.6091453E-02
 -6.6269293E-02
 -4.8724815E-02
 -2.8465323E-02
 -1.3629404E-02
 -5.1036538E-03
 -1.2624342E-03
 -2.0741285E-05
  1.0000000E-10
  1.0000000E-10
 -1.9023322E-05
 -4.8163004E-04
 -1.8221216E-03
 -4.6843304E-03
 -9.7684413E-03
 -1.7635575E-02
 -2.9046882E-02
 -4.2222232E-02
 -5.6950513E-02
 -7.2385840E-02
 -8.6966440E-02
 -9.6203826E-02
 -9.5901646E-02
 -9.4854966E-02
 -9.9081174E-02
 -9.8336399E-02
 -8.9506574E-02
 -7.2374888E-02
 -4.8762932E-02
 -2.5423624E-02
 -1.1108979E-02
 -3.7765736E-03
 -8.4747426E-04
  9.6102112E-06
  1.0000000E-10
  1.0000000E-10
 -6.6065768E-05
 -1.0470925E-03
 -3.6449216E-03
 -8.5932119E-03
 -1.6403062E-02
 -2.7615987E-02
 -4.2373750E-02
 -5.8310255E-02
 -7.6319039E-02
 -9.5155276E-02
 -0.1132456    
 -0.1258139    
 -0.1275344    
 -0.1219597    
 -0.1189338    
 -0.1103631    
 -9.4118997E-02
 -7.0891112E-02
 -4.1877884E-02
 -1.8005930E-02
 -6.5316935E-03
 -1.9117014E-03
 -3.5946674E-04
  2.6649035E-05
  1.0000000E-10
  1.0000000E-10
 -1.0695225E-04
 -1.5471175E-03
 -5.2348911E-03
 -1.1899838E-02
 -2.1875540E-02
 -3.5943992E-02
 -5.2345809E-02
 -7.0347399E-02
 -9.0464801E-02
 -0.1118093    
 -0.1327285    
 -0.1478627    
 -0.1501305    
 -0.1396532    
 -0.1284314    
 -0.1121838    
 -8.9831136E-02
 -6.2322386E-02
 -2.8683025E-02
 -9.1849817E-03
 -2.6164150E-03
 -5.4824597E-04
 -3.6969024E-05
  3.0177869E-05
  1.0000000E-10
  1.0000000E-10
 -1.0529641E-04
 -1.5929384E-03
 -5.4735942E-03
 -1.2685813E-02
 -2.3727745E-02
 -3.9111000E-02
 -5.6186974E-02
 -7.4827284E-02
 -9.6165001E-02
 -0.1196352    
 -0.1433707    
 -0.1610007    
 -0.1632927    
 -0.1478656    
 -0.1280227    
 -0.1044257    
 -7.7398919E-02
 -4.6212453E-02
 -1.2835036E-02
 -5.3676199E-03
 -2.1160659E-03
 -6.7031273E-04
 -1.4340905E-04
  2.5037493E-06
  1.0000000E-10
  1.0000000E-10
 -4.8642949E-05
 -9.1086631E-04
 -3.2811118E-03
 -8.0454433E-03
 -1.6308971E-02
 -2.9920271E-02
 -4.8294730E-02
 -6.7211740E-02
 -8.9946531E-02
 -0.1163479    
 -0.1440568    
 -0.1653103    
 -0.1683532    
 -0.1483553    
 -0.1198207    
 -8.9085236E-02
 -5.8746565E-02
 -2.2916494E-02
 -2.7306790E-03
 -2.4747592E-03
 -1.7524516E-03
 -8.1808423E-04
 -2.5088465E-04
 -2.2966307E-05
  1.0000000E-10
  1.0000000E-10
  2.1637410E-05
  3.1886004E-05
 -1.0490508E-04
 -8.0301391E-04
 -2.9720056E-03
 -8.2834298E-03
 -1.9917632E-02
 -4.2109665E-02
 -6.7840941E-02
 -9.8984353E-02
 -0.1327303    
 -0.1599458    
 -0.1665225    
 -0.1436615    
 -0.1068313    
 -6.8892092E-02
 -3.4031853E-02
  7.3772459E-03
  9.9617615E-03
  5.0380961E-03
  2.2032233E-03
  8.4561924E-04
  2.1845719E-04
  2.9359537E-06
  1.0000000E-10
  1.0000000E-10
  3.9921382E-05
  4.2664248E-04
  1.3408290E-03
  2.7906622E-03
  4.4030664E-03
  5.1609711E-03
  3.3292160E-03
 -3.7867115E-03
 -2.6534067E-02
 -6.2490389E-02
 -0.1039029    
 -0.1402785    
 -0.1553740    
 -0.1344865    
 -9.2654385E-02
 -4.7525123E-02
 -2.0571963E-03
  3.1553395E-02
  2.6220340E-02
  1.5504070E-02
  8.2086287E-03
  3.6302886E-03
  1.0826337E-03
  7.8830832E-05
  1.0000000E-10
  1.0000000E-10
  3.1477299E-05
  4.1375941E-04
  1.3910669E-03
  3.1636506E-03
  5.7189129E-03
  8.4964139E-03
  1.0131044E-02
  8.9719314E-03
  1.7926674E-03
 -2.1325300E-02
 -5.9837267E-02
 -0.1004764    
 -0.1247317    
 -0.1132146    
 -7.3510617E-02
 -2.1908151E-02
  3.2169051E-02
  4.4411764E-02
  3.4135815E-02
  2.0285521E-02
  1.0730960E-02
  4.7718608E-03
  1.4687012E-03
  1.3043096E-04
  1.0000000E-10
  1.0000000E-10
  9.7852239E-07
  1.6383328E-04
  6.5409747E-04
  1.6592698E-03
  3.2513926E-03
  5.1558721E-03
  6.6295932E-03
  7.0534977E-03
  6.2145079E-03
  1.0337665E-03
 -1.3885923E-02
 -3.7697796E-02
 -5.8233324E-02
 -5.8537498E-02
 -3.5546284E-02
  3.8113201E-03
  3.0316200E-02
  2.9958695E-02
  1.8560272E-02
  9.5095569E-03
  4.4102664E-03
  1.6869461E-03
  4.0818984E-04
 -7.6714578E-06
  1.0000000E-10
  1.0000000E-10
  1.0000000E-10
  1.0000000E-10
  1.0000000E-10
  1.0000000E-10
  1.0000000E-10
  1.0000000E-10
  1.0000000E-10
  1.0000000E-10
  1.0000000E-10
  1.0000000E-10
  1.0000000E-10
  1.0000000E-10
  1.0000000E-10
  1.0000000E-10
  1.0000000E-10
  1.0000000E-10
  1.0000000E-10
  1.0000000E-10
  1.0000000E-10
  1.0000000E-10
  1.0000000E-10
  1.0000000E-10
  1.0000000E-10
  1.0000000E-10
  1.0000000E-10
