  1.0000000E-10
  0.0000000E+00
  0.0000000E+00
  0.0000000E+00
  0.0000000E+00
  0.0000000E+00
  0.0000000E+00
  1.0000000E-10
  1.0000000E-10
  1.0000000E-10
  1.0000000E-10
  1.0000000E-10
  1.0000000E-10
  1.0000000E-10
  1.0000000E-10
  1.0000000E-10
  1.0000000E-10
  1.0000000E-10
  1.0000000E-10
  1.0000000E-10
  1.0000000E-10
  1.0000000E-10
  1.0000000E-10
  1.0000000E-10
  1.0000000E-10
  1.0000000E-10
  1.0000000E-10
  1.0000000E-10
  1.0000000E-10
  1.0000000E-10
  1.0000000E-10
  1.0000000E-10
  1.0000000E-10
  1.0000000E-10
  1.0000000E-10
  1.0000000E-10
  1.0000000E-10
  1.0000000E-10
  1.0000000E-10
  1.0000000E-10
  1.0000000E-10
  1.0000000E-10
  1.0000000E-10
  1.0000000E-10
  1.0000000E-10
  1.0000000E-10
  1.0000000E-10
  1.0000000E-10
  1.0000000E-10
  1.0000000E-10
  1.0000000E-10
 -6.0012017E-04
 -4.4689869E-04
 -1.0536397E-04
  1.6411532E-04
  4.8192812E-04
  1.0761593E-03
  2.2413621E-03
  4.2092726E-03
  6.4570126E-03
  7.4659898E-03
  5.8616721E-03
  2.2795652E-03
 -1.4125486E-03
 -3.5474019E-03
 -4.2871353E-03
 -3.9032756E-03
 -2.2652335E-03
 -3.0693720E-04
  1.3438603E-03
  2.5528953E-03
  3.2608910E-03
  3.4541595E-03
  3.1686998E-03
  2.5946661E-03
  1.8061809E-03
  7.6133606E-04
 -7.6288597E-05
 -4.2775745E-04
 -4.5341495E-04
 -3.7877282E-04
 -3.2637452E-04
 -2.6975086E-04
 -1.5616628E-04
 -2.2236760E-05
  8.0420941E-05
  1.1869334E-04
  8.7189495E-05
 -2.0995301E-06
 -1.2037309E-04
 -2.3023790E-04
 -2.9969431E-04
 -3.1244787E-04
 -2.6965793E-04
 -1.8454113E-04
 -7.5000804E-05
  3.9578346E-05
  1.3057260E-04
  1.2892748E-04
  1.0000000E-10
  1.0000000E-10
  5.1591342E-04
  2.8749041E-03
  5.3999303E-03
  7.8585586E-03
  1.0539385E-02
  1.3719684E-02
  1.7232561E-02
  1.9919826E-02
  1.9396981E-02
  1.3896988E-02
  2.7828359E-03
 -1.1893609E-02
 -2.5671033E-02
 -3.2914087E-02
 -3.3446651E-02
 -2.9371034E-02
 -2.2676822E-02
 -1.5068213E-02
 -7.4583343E-03
 -4.0441062E-04
  5.6315511E-03
  1.0289660E-02
  1.3285534E-02
  1.4566204E-02
  1.4064213E-02
  1.1722291E-02
  8.2052033E-03
  4.7486480E-03
  2.1868353E-03
  5.5101322E-04
 -3.5114569E-04
 -6.3094462E-04
 -3.1579152E-04
  2.0496278E-04
  5.2517961E-04
  4.2431286E-04
 -9.3239301E-05
 -8.8773406E-04
 -1.7488140E-03
 -2.4633408E-03
 -2.8772908E-03
 -2.9278367E-03
 -2.6405584E-03
 -2.1033483E-03
 -1.4336908E-03
 -7.5567584E-04
 -1.9740089E-04
  8.8425557E-05
  1.0000000E-10
  1.0000000E-10
  3.8856922E-03
  1.0994839E-02
  1.7277671E-02
  2.3019910E-02
  2.8653059E-02
  3.4015104E-02
  3.7778057E-02
  3.7269738E-02
  3.0178869E-02
  1.4757028E-02
 -9.7908257E-03
 -3.9774444E-02
 -6.4727619E-02
 -7.4591003E-02
 -7.2548509E-02
 -6.3240618E-02
 -5.0242417E-02
 -3.6392026E-02
 -2.2160711E-02
 -8.1693167E-03
  4.8397570E-03
  1.6174963E-02
  2.5155328E-02
  3.1199664E-02
  3.3574257E-02
  3.1817850E-02
  2.6528727E-02
  1.9090656E-02
  1.0911612E-02
  4.8544416E-03
  1.2783393E-03
 -2.4212747E-04
 -1.6134472E-05
  8.5619162E-04
  1.3226712E-03
  8.1704912E-04
 -6.3316547E-04
 -2.6650822E-03
 -4.7793533E-03
 -6.5003596E-03
 -7.4981521E-03
 -7.6433099E-03
 -6.9966493E-03
 -5.7570850E-03
 -4.1915649E-03
 -2.5751996E-03
 -1.1611022E-03
 -1.8021390E-04
  1.0000000E-10
  1.0000000E-10
  8.8591287E-03
  2.2274125E-02
  3.2730006E-02
  4.1192155E-02
  4.8193138E-02
  5.3199314E-02
  5.4285910E-02
  4.8411876E-02
  3.2767229E-02
  4.9674693E-03
 -3.6712170E-02
 -7.9890877E-02
 -0.1044169    
 -0.1117700    
 -0.1072919    
 -9.5273450E-02
 -7.8886360E-02
 -5.9529331E-02
 -3.9227258E-02
 -1.9021966E-02
  4.9999630E-04
  1.8585620E-02
  3.4364343E-02
  4.6825640E-02
  5.4260381E-02
  5.5950105E-02
  5.1734649E-02
  4.2574976E-02
  2.9955568E-02
  1.6383415E-02
  7.1727610E-03
  2.4593435E-03
  1.5746577E-03
  2.2735207E-03
  2.5814374E-03
  1.3621871E-03
 -1.3828129E-03
 -5.0399737E-03
 -8.7869922E-03
 -1.1853728E-02
 -1.3701241E-02
 -1.4101368E-02
 -1.3127285E-02
 -1.1086322E-02
 -8.4115947E-03
 -5.5509564E-03
 -2.8938788E-03
 -7.4492447E-04
  1.0000000E-10
  1.0000000E-10
  1.3159511E-02
  3.2330882E-02
  4.6370968E-02
  5.6465998E-02
  6.3213848E-02
  6.5897912E-02
  6.2591337E-02
  5.0355647E-02
  2.5669655E-02
 -1.5540083E-02
 -7.2676837E-02
 -0.1171623    
 -0.1400203    
 -0.1461789    
 -0.1401823    
 -0.1255999    
 -0.1053663    
 -8.1894033E-02
 -5.6597643E-02
 -3.0897962E-02
 -5.6932401E-03
  1.8372517E-02
  4.0439092E-02
  5.9335399E-02
  7.3031805E-02
  7.9962447E-02
  8.0157548E-02
  7.3642597E-02
  6.0747955E-02
  4.1838851E-02
  2.1506863E-02
  1.0092533E-02
  5.7907272E-03
  5.1177735E-03
  4.7313794E-03
  2.5130142E-03
 -1.7833100E-03
 -7.3690908E-03
 -1.3123989E-02
 -1.7966133E-02
 -2.1095036E-02
 -2.2110337E-02
 -2.1021057E-02
 -1.8196212E-02
 -1.4235036E-02
 -9.7917840E-03
 -5.4362211E-03
 -1.5917836E-03
  1.0000000E-10
  1.0000000E-10
  1.4984885E-02
  3.7411258E-02
  5.3721715E-02
  6.4481810E-02
  6.9985323E-02
  6.9839992E-02
  6.2288459E-02
  4.4127297E-02
  1.0882151E-02
 -4.5657516E-02
 -0.1116655    
 -0.1531962    
 -0.1744536    
 -0.1794825    
 -0.1717625    
 -0.1546163    
 -0.1310140    
 -0.1033563    
 -7.3595025E-02
 -4.2854570E-02
 -1.2519157E-02
  1.6817963E-02
  4.4364601E-02
  6.9017492E-02
  8.8091202E-02
  0.1000190    
  0.1046682    
  0.1021865    
  9.3143106E-02
  7.8125089E-02
  5.6233101E-02
  2.9168122E-02
  1.5596431E-02
  1.0862605E-02
  8.6634569E-03
  5.0827060E-03
 -9.8221283E-04
 -8.7815914E-03
 -1.6976561E-02
 -2.4163282E-02
 -2.9213054E-02
 -3.1454463E-02
 -3.0705620E-02
 -2.7290579E-02
 -2.1940675E-02
 -1.5557106E-02
 -8.9655071E-03
 -2.7866375E-03
  1.0000000E-10
  1.0000000E-10
  1.4258975E-02
  3.6818478E-02
  5.3716831E-02
  6.4460903E-02
  6.8818294E-02
  6.6130623E-02
  5.4689556E-02
  3.0863153E-02
 -1.3653047E-02
 -9.1781855E-02
 -0.1511133    
 -0.1892238    
 -0.2083165    
 -0.2112382    
 -0.2011327    
 -0.1811690    
 -0.1542801    
 -0.1229483    
 -8.9105472E-02
 -5.4190084E-02
 -1.9260336E-02
  1.4759935E-02
  4.7144920E-02
  7.6892026E-02
  0.1010848    
  0.1178103    
  0.1269167    
  0.1284132    
  0.1227173    
  0.1106622    
  9.3171887E-02
  7.0570700E-02
  4.1866172E-02
  2.3475561E-02
  1.6109437E-02
  1.0188011E-02
  2.0243018E-03
 -8.2550030E-03
 -1.9320304E-02
 -2.9477080E-02
 -3.7218127E-02
 -4.1519348E-02
 -4.1864496E-02
 -3.8356528E-02
 -3.1738780E-02
 -2.3152146E-02
 -1.3750789E-02
 -4.4518742E-03
  1.0000000E-10
  1.0000000E-10
  1.2271397E-02
  3.2782178E-02
  4.8721377E-02
  5.8822501E-02
  6.1978977E-02
  5.6997094E-02
  4.1133143E-02
  7.6819458E-03
 -6.7633748E-02
 -0.1407035    
 -0.1937293    
 -0.2268575    
 -0.2418745    
 -0.2412909    
 -0.2279719    
 -0.2048747    
 -0.1747952    
 -0.1401538    
 -0.1028694    
 -6.4322785E-02
 -2.5502065E-02
  1.2599565E-02
  4.9303919E-02
  8.3651923E-02
  0.1124294    
  0.1334965    
  0.1467747    
  0.1522033    
  0.1500770    
  0.1411895    
  0.1265969    
  0.1073698    
  8.4340610E-02
  5.7593502E-02
  3.3300325E-02
  1.9782204E-02
  8.3159115E-03
 -4.7496273E-03
 -1.9019717E-02
 -3.2704588E-02
 -4.3930721E-02
 -5.1328637E-02
 -5.3873092E-02
 -5.1171925E-02
 -4.3707080E-02
 -3.2842156E-02
 -2.0116836E-02
 -6.7700525E-03
  1.0000000E-10
  1.0000000E-10
  1.0739192E-02
  2.8934449E-02
  4.3060455E-02
  5.1554181E-02
  5.2549262E-02
  4.3122109E-02
  1.7079264E-02
 -4.5784842E-02
 -0.1307352    
 -0.1949801    
 -0.2394616    
 -0.2653877    
 -0.2745172    
 -0.2691162    
 -0.2517857    
 -0.2252332    
 -0.1920440    
 -0.1544792    
 -0.1143368    
 -7.2887428E-02
 -3.0981530E-02
  1.0535480E-02
  5.1005073E-02
  8.9443192E-02
  0.1223063    
  0.1472531    
  0.1643138    
  0.1734371    
  0.1748459    
  0.1692054    
  0.1574854    
  0.1408634    
  0.1204069    
  9.7197659E-02
  7.2226778E-02
  4.4387050E-02
  2.1915311E-02
  3.6383842E-03
 -1.4520270E-02
 -3.2139622E-02
 -4.7286075E-02
 -5.8141138E-02
 -6.3708290E-02
 -6.3243121E-02
 -5.6572895E-02
 -4.4307083E-02
 -2.8145203E-02
 -9.9009490E-03
  1.0000000E-10
  1.0000000E-10
  1.0859807E-02
  2.7985249E-02
  3.9902773E-02
  4.4827316E-02
  3.9678752E-02
  1.8401617E-02
 -3.3815846E-02
 -0.1244678    
 -0.1978459    
 -0.2511455    
 -0.2857477    
 -0.3031287    
 -0.3051241    
 -0.2939365    
 -0.2719942    
 -0.2417724    
 -0.2056127    
 -0.1655507    
 -0.1231829    
 -7.9611130E-02
 -3.5453908E-02
  8.7316716E-03
  5.2316852E-02
  9.4295286E-02
  0.1307911    
  0.1592124    
  0.1796684    
  0.1921475    
  0.1968382    
  0.1942968    
  0.1853862    
  0.1711904    
  0.1527826    
  0.1311992    
  0.1075938    
  8.2514293E-02
  5.2982312E-02
  2.3182830E-02
 -2.1269866E-03
 -2.4991458E-02
 -4.4930927E-02
 -6.0075853E-02
 -6.9475226E-02
 -7.2162829E-02
 -6.7478627E-02
 -5.5430006E-02
 -3.6864918E-02
 -1.3641901E-02
  1.0000000E-10
  1.0000000E-10
  1.2071916E-02
  2.8594570E-02
  3.6808815E-02
  3.4135979E-02
  1.5354302E-02
 -3.1011282E-02
 -0.1179400    
 -0.2016303    
 -0.2637525    
 -0.3060044    
 -0.3301688    
 -0.3382281    
 -0.3323463    
 -0.3148111    
 -0.2879519    
 -0.2540389    
 -0.2151622    
 -0.1730918    
 -0.1291622    
 -8.4238805E-02
 -3.8681999E-02
  7.3268809E-03
  5.3281419E-02
  9.8190419E-02
  0.1378578    
  0.1693750    
  0.1928630    
  0.2083396    
  0.2159795    
  0.2162597    
  0.2099345    
  0.1979656    
  0.1813665    
  0.1610942    
  0.1381766    
  0.1134662    
  8.6934067E-02
  5.7767007E-02
  2.4019118E-02
 -5.9674601E-03
 -3.2046828E-02
 -5.3202890E-02
 -6.7637801E-02
 -7.4665695E-02
 -7.3365510E-02
 -6.3154563E-02
 -4.4140540E-02
 -1.7204085E-02
  1.0000000E-10
  1.0000000E-10
  1.2857539E-02
  2.6892373E-02
  2.7721804E-02
  1.1001751E-02
 -3.2015428E-02
 -0.1084991    
 -0.2038006    
 -0.2763080    
 -0.3267992    
 -0.3573630    
 -0.3705146    
 -0.3688280    
 -0.3547973    
 -0.3307945    
 -0.2990621    
 -0.2616802    
 -0.2204925    
 -0.1769834    
 -0.1321790    
 -8.6644046E-02
 -4.0483322E-02
  6.4576892E-03
  5.3958800E-02
  0.1011199    
  0.1434566    
  0.1776857    
  0.2038545    
  0.2219738    
  0.2322066    
  0.2349750    
  0.2309442    
  0.2209679    
  0.2059852    
  0.1869142    
  0.1646808    
  0.1401478    
  0.1138475    
  8.6315975E-02
  5.7194032E-02
  2.3237264E-02
 -7.4901683E-03
 -3.4241885E-02
 -5.4871168E-02
 -6.7327686E-02
 -7.0664711E-02
 -6.3976027E-02
 -4.6756443E-02
 -1.9127944E-02
  1.0000000E-10
  1.0000000E-10
  1.2105708E-02
  1.9267356E-02
  6.1911293E-03
 -3.4136958E-02
 -0.1041369    
 -0.1995134    
 -0.2859928    
 -0.3468517    
 -0.3846739    
 -0.4028403    
 -0.4046924    
 -0.3932881    
 -0.3713196    
 -0.3411588    
 -0.3049363    
 -0.2645505    
 -0.2216149    
 -0.1773177    
 -0.1323345    
 -8.6889066E-02
 -4.0843289E-02
  6.2357699E-03
  5.4487750E-02
  0.1031909    
  0.1476415    
  0.1841569    
  0.2126327    
  0.2330260    
  0.2454785    
  0.2503774    
  0.2483284    
  0.2401095    
  0.2266001    
  0.2086968    
  0.1872972    
  0.1632731    
  0.1373437    
  0.1102428    
  8.2559593E-02
  5.3239297E-02
  2.1479791E-02
 -6.9933739E-03
 -3.1393923E-02
 -4.9143907E-02
 -5.7559103E-02
 -5.5579521E-02
 -4.2484574E-02
 -1.8087342E-02
  1.0000000E-10
  1.0000000E-10
  8.6265262E-03
  1.9253447E-03
 -3.4142155E-02
 -0.1019645    
 -0.1897183    
 -0.2899949    
 -0.3643595    
 -0.4112399    
 -0.4351005    
 -0.4404196    
 -0.4311253    
 -0.4105060    
 -0.3812412    
 -0.3455841    
 -0.3055244    
 -0.2627940    
 -0.2188040    
 -0.1744297    
 -0.1299367    
 -8.5178070E-02
 -3.9800692E-02
  6.8278271E-03
  5.5166639E-02
  0.1047272    
  0.1506793    
  0.1889744    
  0.2193097    
  0.2415500    
  0.2558055    
  0.2624450    
  0.2620448    
  0.2553422    
  0.2431835    
  0.2264590    
  0.2060707    
  0.1829113    
  0.1577923    
  0.1314921    
  0.1047475    
  7.7218302E-02
  4.8645113E-02
  2.0564962E-02
 -3.8168789E-03
 -2.3167590E-02
 -3.5457764E-02
 -3.8365513E-02
 -3.1038651E-02
 -1.3752392E-02
  1.0000000E-10
  1.0000000E-10
  9.8977820E-04
 -2.8222283E-02
 -9.2904054E-02
 -0.1840184    
 -0.2829635    
 -0.3759972    
 -0.4352172    
 -0.4664569    
 -0.4758192    
 -0.4685699    
 -0.4489017    
 -0.4200548    
 -0.3844820    
 -0.3442265    
 -0.3011507    
 -0.2568589    
 -0.2126007    
 -0.1688879    
 -0.1254635    
 -8.1774071E-02
 -3.7323590E-02
  8.5243331E-03
  5.6443352E-02
  0.1062469    
  0.1530506    
  0.1925192    
  0.2241482    
  0.2476956    
  0.2632438    
  0.2711635    
  0.2720265    
  0.2665564    
  0.2555889    
  0.2400167    
  0.2207529    
  0.1987060    
  0.1747286    
  0.1496317    
  0.1242046    
  9.7346075E-02
  7.0974939E-02
  4.5970690E-02
  2.2595836E-02
  3.5875509E-03
 -9.5346235E-03
 -1.5900997E-02
 -1.5123491E-02
 -7.3236921E-03
  1.0000000E-10
  1.0000000E-10
 -1.1957585E-02
 -7.1889184E-02
 -0.1653956    
 -0.2742197    
 -0.3746969    
 -0.4528680    
 -0.4950720    
 -0.5100665    
 -0.5053567    
 -0.4866237    
 -0.4579446    
 -0.4222315    
 -0.3815281    
 -0.3376587    
 -0.2924512    
 -0.2474385    
 -0.2037647    
 -0.1614602    
 -0.1195752    
 -7.7125303E-02
 -3.3482719E-02
  1.1979019E-02
  5.9451647E-02
  0.1088303    
  0.1555775    
  0.1953555    
  0.2274823    
  0.2516010    
  0.2677748    
  0.2763931    
  0.2780418    
  0.2734465    
  0.2634403    
  0.2489164    
  0.2307931    
  0.2099849    
  0.1873575    
  0.1632675    
  0.1386015    
  0.1137158    
  8.9371741E-02
  6.6454917E-02
  4.5767695E-02
  2.7846754E-02
  1.3958975E-02
  4.7440631E-03
 -8.3814084E-05
 -1.0885579E-03
  1.0000000E-10
  1.0000000E-10
 -3.0634837E-02
 -0.1262489    
 -0.2464151    
 -0.3644248    
 -0.4572299    
 -0.5168172    
 -0.5411330    
 -0.5404562    
 -0.5231566    
 -0.4947841    
 -0.4588921    
 -0.4178534    
 -0.3731987    
 -0.3266577    
 -0.2801926    
 -0.2352891    
 -0.1930566    
 -0.1528585    
 -0.1129362    
 -7.1977966E-02
 -2.9634556E-02
  1.5456684E-02
  6.3699089E-02
  0.1129391    
  0.1589616    
  0.1981199    
  0.2297461    
  0.2534477    
  0.2693534    
  0.2779091    
  0.2797120    
  0.2754680    
  0.2660129    
  0.2522155    
  0.2349883    
  0.2152329    
  0.1937776    
  0.1711272    
  0.1479820    
  0.1248380    
  0.1024213    
  8.1519373E-02
  6.2782198E-02
  4.6578083E-02
  3.2858189E-02
  2.1376409E-02
  1.1894756E-02
  3.7821196E-03
  1.0000000E-10
  1.0000000E-10
 -5.4379504E-02
 -0.1878002    
 -0.3284974    
 -0.4465899    
 -0.5253530    
 -0.5644301    
 -0.5715086    
 -0.5570518    
 -0.5295662    
 -0.4938643    
 -0.4526699    
 -0.4077611    
 -0.3601553    
 -0.3117512    
 -0.2648017    
 -0.2206308    
 -0.1803700    
 -0.1423609    
 -0.1040702    
 -6.3744500E-02
 -2.1607833E-02
  2.6256785E-02
  7.4709110E-02
  0.1210386    
  0.1639449    
  0.2006825    
  0.2302687    
  0.2523410    
  0.2669247    
  0.2744764    
  0.2756808    
  0.2712424    
  0.2619654    
  0.2486591    
  0.2321870    
  0.2134033    
  0.1930695    
  0.1717504    
  0.1500865    
  0.1286542    
  0.1081158    
  8.9071341E-02
  7.1879461E-02
  5.6558147E-02
  4.2809531E-02
  3.0147117E-02
  1.8049810E-02
  6.1751101E-03
  1.0000000E-10
  1.0000000E-10
 -8.1560709E-02
 -0.2509800    
 -0.4040006    
 -0.5140534    
 -0.5745220    
 -0.5939482    
 -0.5854453    
 -0.5601546    
 -0.5253491    
 -0.4846013    
 -0.4397459    
 -0.3921000    
 -0.3422416    
 -0.2925355    
 -0.2454775    
 -0.2019400    
 -0.1630655    
 -0.1266342    
 -8.7658226E-02
 -4.3220419E-02
  2.3914354E-03
  4.6109904E-02
  8.8331334E-02
  0.1295003    
  0.1683281    
  0.2017579    
  0.2280314    
  0.2470953    
  0.2592061    
  0.2648937    
  0.2648301    
  0.2597020    
  0.2502116    
  0.2368483    
  0.2208134    
  0.2029278    
  0.1837331    
  0.1638450    
  0.1439079    
  0.1244850    
  0.1061093    
  8.9144215E-02
  7.3666796E-02
  5.9459221E-02
  4.6105634E-02
  3.3134725E-02
  2.0143699E-02
  6.9522690E-03
  1.0000000E-10
  1.0000000E-10
 -0.1101049    
 -0.3099426    
 -0.4662116    
 -0.5618621    
 -0.6023343    
 -0.6040730    
 -0.5831259    
 -0.5501519    
 -0.5108149    
 -0.4671135    
 -0.4201246    
 -0.3709084    
 -0.3195883    
 -0.2689227    
 -0.2212441    
 -0.1765018    
 -0.1365514    
 -9.9080563E-02
 -6.0369324E-02
 -1.9189525E-02
  2.2416586E-02
  6.2379319E-02
  0.1007666    
  0.1374974    
  0.1714659    
  0.1998823    
  0.2210779    
  0.2354421    
  0.2435034    
  0.2459231    
  0.2434187    
  0.2366787    
  0.2263618    
  0.2130847    
  0.1976766    
  0.1804746    
  0.1620744    
  0.1438295    
  0.1257741    
  0.1083978    
  9.2026494E-02
  7.6785304E-02
  6.2611952E-02
  4.9352512E-02
  3.6883678E-02
  2.5198832E-02
  1.4411872E-02
  4.5756642E-03
  1.0000000E-10
  1.0000000E-10
 -0.1377230    
 -0.3590214    
 -0.5093945    
 -0.5862410    
 -0.6071269    
 -0.5944207    
 -0.5649307    
 -0.5275028    
 -0.4859795    
 -0.4409431    
 -0.3930492    
 -0.3433709    
 -0.2910620    
 -0.2392729    
 -0.1902810    
 -0.1443776    
 -0.1018013    
 -6.1616484E-02
 -2.2327159E-02
  1.5970299E-02
  5.2071821E-02
  8.6552404E-02
  0.1197261    
  0.1505866    
  0.1780470    
  0.1997243    
  0.2144104    
  0.2228542    
  0.2258539    
  0.2242197    
  0.2187202    
  0.2100353    
  0.1987661    
  0.1854624    
  0.1706661    
  0.1546941    
  0.1378831    
  0.1212726    
  0.1059179    
  9.1382712E-02
  7.7803813E-02
  6.5264307E-02
  5.3875972E-02
  4.3840084E-02
  3.5144545E-02
  2.7140537E-02
  1.8494239E-02
  7.5877700E-03
  1.0000000E-10
  1.0000000E-10
 -0.1614537    
 -0.3917077    
 -0.5274446    
 -0.5829633    
 -0.5861703    
 -0.5627565    
 -0.5282910    
 -0.4889378    
 -0.4471214    
 -0.4022413    
 -0.3548904    
 -0.3069891    
 -0.2579609    
 -0.2088315    
 -0.1607875    
 -0.1147731    
 -7.0779048E-02
 -2.8307257E-02
  1.1538655E-02
  4.6537694E-02
  7.8042574E-02
  0.1071522    
  0.1333098    
  0.1553650    
  0.1721670    
  0.1820581    
  0.1848333    
  0.1816608    
  0.1737747    
  0.1623760    
  0.1485666    
  0.1333063    
  0.1174107    
  0.1015664    
  8.6343758E-02
  7.2169341E-02
  5.9397079E-02
  4.8202612E-02
  3.9705947E-02
  3.2717802E-02
  2.7010083E-02
  2.2375297E-02
  1.8516853E-02
  1.5068242E-02
  1.1679321E-02
  8.1919264E-03
  4.6342118E-03
  1.2414536E-03
  1.0000000E-10
  1.0000000E-10
 -0.1751476    
 -0.3980251    
 -0.5114521    
 -0.5448288    
 -0.5329833    
 -0.5021643    
 -0.4652501    
 -0.4252414    
 -0.3844291    
 -0.3425496    
 -0.2990128    
 -0.2540489    
 -0.2079501    
 -0.1609533    
 -0.1131891    
 -6.5067448E-02
 -1.7702842E-02
  2.4776708E-02
  6.0533121E-02
  9.1995880E-02
  0.1200968    
  0.1448126    
  0.1655826    
  0.1814543    
  0.1915814    
  0.1952673    
  0.1932240    
  0.1868710    
  0.1775660    
  0.1664600    
  0.1544490    
  0.1421705    
  0.1300376    
  0.1182884    
  0.1070381    
  9.6325345E-02
  8.6148284E-02
  7.6482594E-02
  6.7293458E-02
  5.8547609E-02
  5.0239034E-02
  4.2362064E-02
  3.4909524E-02
  2.7873805E-02
  2.1264723E-02
  1.5107682E-02
  9.4264969E-03
  4.2336755E-03
  1.0000000E-10
  1.0000000E-10
 -0.1696458    
 -0.3657729    
 -0.4509510    
 -0.4627597    
 -0.4383412    
 -0.4020535    
 -0.3638681    
 -0.3261759    
 -0.2867949    
 -0.2456931    
 -0.2028649    
 -0.1583218    
 -0.1121295    
 -6.4770512E-02
 -1.7706551E-02
  2.5672343E-02
  6.4203873E-02
  9.9566981E-02
  0.1329882    
  0.1640778    
  0.1924528    
  0.2177380    
  0.2394592    
  0.2570000    
  0.2697996    
  0.2769881    
  0.2786971    
  0.2757537    
  0.2689048    
  0.2588193    
  0.2461284    
  0.2314401    
  0.2153352    
  0.1983511    
  0.1809665    
  0.1635893    
  0.1465507    
  0.1300979    
  0.1143845    
  9.9470295E-02
  8.5371666E-02
  7.2082706E-02
  5.9583992E-02
  4.7847770E-02
  3.6833197E-02
  2.6492937E-02
  1.6786581E-02
  7.6743290E-03
  1.0000000E-10
  1.0000000E-10
 -0.1373746    
 -0.2862547    
 -0.3389939    
 -0.3306592    
 -0.2955096    
 -0.2574101    
 -0.2211715    
 -0.1836970    
 -0.1445676    
 -0.1038815    
 -6.1995402E-02
 -2.1027099E-02
  1.7260941E-02
  5.2923571E-02
  8.6452715E-02
  0.1196395    
  0.1526785    
  0.1848919    
  0.2155354    
  0.2438626    
  0.2691948    
  0.2908314    
  0.3079866    
  0.3197362    
  0.3250667    
  0.3231438    
  0.3148006    
  0.3013926    
  0.2842351    
  0.2645431    
  0.2434021    
  0.2217418    
  0.2003171    
  0.1796885    
  0.1602231    
  0.1421294    
  0.1254920    
  0.1102758    
  9.6363708E-02
  8.3596252E-02
  7.1808346E-02
  6.0850602E-02
  5.0597813E-02
  4.0951151E-02
  3.1828325E-02
  2.3144141E-02
  1.4811970E-02
  6.8046721E-03
  1.0000000E-10
  1.0000000E-10
 -8.3912753E-02
 -0.1702888    
 -0.1898465    
 -0.1639391    
 -0.1200668    
 -7.9023696E-02
 -4.1152738E-02
 -7.3348181E-03
  2.3405682E-02
  5.1926296E-02
  7.8677140E-02
  0.1054079    
  0.1334500    
  0.1624350    
  0.1918799    
  0.2213094    
  0.2501478    
  0.2777934    
  0.3035934    
  0.3268119    
  0.3466587    
  0.3622851    
  0.3727857    
  0.3771797    
  0.3743832    
  0.3640884    
  0.3480075    
  0.3279320    
  0.3054907    
  0.2820736    
  0.2587915    
  0.2364567    
  0.2155925    
  0.1963827    
  0.1786905    
  0.1622204    
  0.1467188    
  0.1320399    
  0.1180532    
  0.1046172    
  9.1598295E-02
  7.8908652E-02
  6.6508092E-02
  5.4396022E-02
  4.2602185E-02
  3.1160023E-02
  2.0064309E-02
  9.2964610E-03
  1.0000000E-10
  1.0000000E-10
 -9.0467948E-03
 -1.3518375E-03
  2.7315779E-02
  6.0039558E-02
  8.2215622E-02
  9.8059244E-02
  0.1149968    
  0.1343082    
  0.1553682    
  0.1776448    
  0.2008704    
  0.2248702    
  0.2494027    
  0.2741238    
  0.2986923    
  0.3227350    
  0.3457751    
  0.3672364    
  0.3864499    
  0.4026495    
  0.4149816    
  0.4225233    
  0.4243260    
  0.4194208    
  0.4067071    
  0.3865427    
  0.3615726    
  0.3338687    
  0.3051378    
  0.2766383    
  0.2491177    
  0.2227792    
  0.1975635    
  0.1735300    
  0.1507316    
  0.1293967    
  0.1112400    
  9.6464552E-02
  8.4632978E-02
  7.4894443E-02
  6.6441067E-02
  5.8801580E-02
  5.1707812E-02
  4.5270536E-02
  4.0424485E-02
  3.7674222E-02
  3.4428820E-02
  2.2036703E-02
  1.0000000E-10
  1.0000000E-10
  5.9073970E-02
  0.1356979    
  0.1793014    
  0.2035270    
  0.2204874    
  0.2349464    
  0.2506527    
  0.2674991    
  0.2852109    
  0.3035571    
  0.3223612    
  0.3414609    
  0.3606446    
  0.3796217    
  0.3980374    
  0.4154640    
  0.4313819    
  0.4451677    
  0.4560820    
  0.4632553    
  0.4656776    
  0.4622006    
  0.4515595    
  0.4323310    
  0.4026842    
  0.3632181    
  0.3173850    
  0.2670068    
  0.2133877    
  0.1574029    
  9.9876232E-02
  4.1906644E-02
 -1.2312394E-02
 -5.8447357E-02
 -9.4829559E-02
 -0.1189698    
 -0.1348886    
 -0.1455816    
 -0.1524084    
 -0.1552634    
 -0.1554416    
 -0.1534476    
 -0.1501303    
 -0.1468516    
 -0.1438277    
 -0.1361297    
 -0.1105570    
 -5.0825849E-02
  1.0000000E-10
  1.0000000E-10
  0.1135456    
  0.2440079    
  0.3082381    
  0.3365559    
  0.3522842    
  0.3646955    
  0.3774869    
  0.3908264    
  0.4045777    
  0.4185821    
  0.4326625    
  0.4466097    
  0.4601659    
  0.4730148    
  0.4847742    
  0.4949811    
  0.5030739    
  0.5083737    
  0.5100622    
  0.5071543    
  0.4984702    
  0.4826153    
  0.4579694    
  0.4226110    
  0.3740613    
  0.3137425    
  0.2468635    
  0.1762699    
  0.1050683    
  3.7140738E-02
 -2.1589750E-02
 -6.4058639E-02
 -9.4146110E-02
 -0.1186484    
 -0.1384866    
 -0.1543166    
 -0.1662038    
 -0.1734315    
 -0.1750071    
 -0.1696945    
 -0.1578847    
 -0.1396482    
 -0.1142910    
 -8.2618460E-02
 -4.7842436E-02
 -1.6395021E-02
  3.6544737E-03
  6.7711258E-03
  1.0000000E-10
  1.0000000E-10
  0.1564678    
  0.3336182    
  0.4178880    
  0.4516881    
  0.4670336    
  0.4778531    
  0.4882114    
  0.4985887    
  0.5088615    
  0.5188666    
  0.5284160    
  0.5372828    
  0.5451932    
  0.5518178    
  0.5567617    
  0.5595471    
  0.5595920    
  0.5561844    
  0.5484513    
  0.5353227    
  0.5154937    
  0.4873934    
  0.4491659    
  0.3986300    
  0.3332570    
  0.2565184    
  0.1770521    
  0.1006622    
  3.3010419E-02
 -2.2413298E-02
 -6.6619813E-02
 -0.1060095    
 -0.1419910    
 -0.1732315    
 -0.1986134    
 -0.2177934    
 -0.2308480    
 -0.2379152    
 -0.2389301    
 -0.2334776    
 -0.2208080    
 -0.2022392    
 -0.1770719    
 -0.1459223    
 -0.1107610    
 -7.4755765E-02
 -4.1186862E-02
 -1.2164364E-02
  1.0000000E-10
  1.0000000E-10
  0.1906060    
  0.4081318    
  0.5112836    
  0.5509721    
  0.5664051    
  0.5757822    
  0.5838583    
  0.5914292    
  0.5983560    
  0.6044498    
  0.6095057    
  0.6132869    
  0.6155193    
  0.6158823    
  0.6139941    
  0.6093933    
  0.6015125    
  0.5896470    
  0.5729201    
  0.5502439    
  0.5202888    
  0.4814731    
  0.4320006    
  0.3699835    
  0.2938925    
  0.2103399    
  0.1309028    
  6.0598612E-02
 -8.7978435E-05
 -5.2907053E-02
 -0.1002159    
 -0.1426995    
 -0.1799001    
 -0.2114995    
 -0.2370651    
 -0.2563134    
 -0.2691313    
 -0.2756986    
 -0.2761961    
 -0.2706068    
 -0.2585917    
 -0.2407312    
 -0.2161559    
 -0.1842519    
 -0.1452985    
 -0.1014208    
 -5.6904200E-02
 -1.6821763E-02
  1.0000000E-10
  1.0000000E-10
  0.2193672    
  0.4722465    
  0.5926550    
  0.6379564    
  0.6535043    
  0.6612705    
  0.6669179    
  0.6715190    
  0.6749156    
  0.6768991    
  0.6772594    
  0.6757675    
  0.6721721    
  0.6661889    
  0.6574830    
  0.6456473    
  0.6301702    
  0.6104016    
  0.5855165    
  0.5544829    
  0.5160500    
  0.4687862    
  0.4112165    
  0.3421410    
  0.2614121    
  0.1778532    
  0.1023474    
  3.5330106E-02
 -2.5400607E-02
 -7.9602286E-02
 -0.1282232    
 -0.1715793    
 -0.2093017    
 -0.2410979    
 -0.2665748    
 -0.2855046    
 -0.2977301    
 -0.3036109    
 -0.3035625    
 -0.2978960    
 -0.2871738    
 -0.2713703    
 -0.2498387    
 -0.2212626    
 -0.1842035    
 -0.1381992    
 -8.5013755E-02
 -2.8671237E-02
  1.0000000E-10
  1.0000000E-10
  0.2455264    
  0.5301552    
  0.6659133    
  0.7159985    
  0.7313198    
  0.7370715    
  0.7399476    
  0.7412015    
  0.7406606    
  0.7381141    
  0.7333716    
  0.7262425    
  0.7165343    
  0.7040378    
  0.6885067    
  0.6696286    
  0.6469888    
  0.6200317    
  0.5880263    
  0.5500470    
  0.5049878    
  0.4516517    
  0.3889905    
  0.3165531    
  0.2351814    
  0.1541788    
  8.1533872E-02
  1.4114660E-02
 -4.7570769E-02
 -0.1017061    
 -0.1502583    
 -0.1930748    
 -0.2300705    
 -0.2610748    
 -0.2856580    
 -0.3036618    
 -0.3147476    
 -0.3194272    
 -0.3183659    
 -0.3122025    
 -0.3014745    
 -0.2864834    
 -0.2669153    
 -0.2414341    
 -0.2076698    
 -0.1629465    
 -0.1059947    
 -3.8446363E-02
  1.0000000E-10
  1.0000000E-10
  0.2718134    
  0.5859568    
  0.7348514    
  0.7883271    
  0.8026971    
  0.8058173    
  0.8053933    
  0.8027172    
  0.7976129    
  0.7898989    
  0.7794420    
  0.7661347    
  0.7498904    
  0.7306244    
  0.7082233    
  0.6825084    
  0.6531920    
  0.6198350    
  0.5818160    
  0.5383270    
  0.4884166    
  0.4311110    
  0.3657059    
  0.2923033    
  0.2120547    
  0.1340246    
  6.3657932E-02
 -4.3242923E-03
 -6.6992901E-02
 -0.1199200    
 -0.1677489    
 -0.2091543    
 -0.2445014    
 -0.2738183    
 -0.2966031    
 -0.3126367    
 -0.3220205    
 -0.3251112    
 -0.3225217    
 -0.3150362    
 -0.3033072    
 -0.2878599    
 -0.2688355    
 -0.2453727    
 -0.2151383    
 -0.1741874    
 -0.1183599    
 -4.5601435E-02
  1.0000000E-10
  1.0000000E-10
  0.3011146    
  0.6438155    
  0.8032243    
  0.8580878    
  0.8703495    
  0.8700144    
  0.8655365    
  0.8581011    
  0.8475503    
  0.8337814    
  0.8167725    
  0.7965593    
  0.7732222    
  0.7468538    
  0.7175170    
  0.6851944    
  0.6497370    
  0.6108178    
  0.5679069    
  0.5202847    
  0.4671156    
  0.4075753    
  0.3410971    
  0.2683798    
  0.1907711    
  0.1164354    
  4.6057057E-02
 -2.7088245E-02
 -8.5313044E-02
 -0.1351871    
 -0.1801634    
 -0.2195735    
 -0.2531302    
 -0.2804203    
 -0.3009739    
 -0.3146297    
 -0.3215612    
 -0.3221681    
 -0.3171459    
 -0.3074099    
 -0.2936698    
 -0.2765810    
 -0.2566089    
 -0.2334368    
 -0.2055366    
 -0.1689964    
 -0.1180564    
 -4.7493622E-02
  1.0000000E-10
  1.0000000E-10
  0.3365400    
  0.7079450    
  0.8746946    
  0.9283429    
  0.9368721    
  0.9320204    
  0.9224502    
  0.9091097    
  0.8919094    
  0.8708997    
  0.8462490    
  0.8182153    
  0.7871159    
  0.7532747    
  0.7169622    
  0.6783300    
  0.6373515    
  0.5937752    
  0.5471095    
  0.4966563    
  0.4416290    
  0.3813410    
  0.3153459    
  0.2443943    
  0.1671714    
  9.4942421E-02
  2.3650706E-02
 -4.1343726E-02
 -9.6945800E-02
 -0.1455301    
 -0.1886139    
 -0.2261603    
 -0.2576491    
 -0.2824818    
 -0.3002361    
 -0.3108224    
 -0.3145064    
 -0.3118619    
 -0.3036903    
 -0.2909289    
 -0.2742820    
 -0.2545232    
 -0.2324017    
 -0.2078564    
 -0.1805379    
 -0.1477441    
 -0.1039462    
 -4.2701084E-02
  1.0000000E-10
  1.0000000E-10
  0.3816061    
  0.7826772    
  0.9528496    
   1.002073    
   1.004682    
  0.9940771    
  0.9779846    
  0.9571664    
  0.9317042    
  0.9019116    
  0.8682561    
  0.8313176    
  0.7917243    
  0.7500728    
  0.7068480    
  0.6623449    
  0.6166075    
  0.5693881    
  0.5201480    
  0.4681205    
  0.4125402    
  0.3529374    
  0.2869068    
  0.2158753    
  0.1415301    
  7.2952256E-02
  6.5851761E-03
 -5.3843223E-02
 -0.1066816    
 -0.1533331    
 -0.1945458    
 -0.2299797    
 -0.2589621    
 -0.2808674    
 -0.2953294    
 -0.3023449    
 -0.3022726    
 -0.2957618    
 -0.2836749    
 -0.2670104    
 -0.2468491    
 -0.2243087    
 -0.1989903    
 -0.1715243    
 -0.1429520    
 -0.1124703    
 -7.6635115E-02
 -3.0550390E-02
  1.0000000E-10
  1.0000000E-10
  0.4403624    
  0.8724552    
   1.041243    
   1.081956    
   1.076403    
   1.058354    
   1.033744    
   1.003293    
  0.9674311    
  0.9268940    
  0.8825969    
  0.8355532    
  0.7867628    
  0.7371033    
  0.6872368    
  0.6375307    
  0.5880055    
  0.5383116    
  0.4877527    
  0.4353530    
  0.3801376    
  0.3206161    
  0.2548220    
  0.1870491    
  0.1177782    
  5.2833129E-02
 -9.3382932E-03
 -6.5433487E-02
 -0.1150854    
 -0.1592772    
 -0.1981141    
 -0.2309523    
 -0.2569665    
 -0.2755016    
 -0.2862665    
 -0.2893675    
 -0.2852665    
 -0.2746863    
 -0.2585357    
 -0.2378497    
 -0.2137290    
 -0.1872952    
 -0.1596958    
 -0.1281124    
 -9.6767135E-02
 -6.6918634E-02
 -3.8294259E-02
 -1.2597402E-02
  1.0000000E-10
  1.0000000E-10
  0.5177280    
  0.9821340    
   1.143828    
   1.170213    
   1.154898    
   1.126980    
   1.091025    
   1.047993    
  0.9989251    
  0.9452140    
  0.8884079    
  0.8300532    
  0.7715359    
  0.7139574    
  0.6580504    
  0.6041264    
  0.5520478    
  0.5012252    
  0.4506418    
  0.3987293    
  0.3433845    
  0.2842014    
  0.2227528    
  0.1589950    
  9.4736703E-02
  3.3876408E-02
 -2.3041448E-02
 -7.4855901E-02
 -0.1214046    
 -0.1629554    
 -0.1990729    
 -0.2288460    
 -0.2513760    
 -0.2660674    
 -0.2727812    
 -0.2717797    
 -0.2636447    
 -0.2491495    
 -0.2292052    
 -0.2048288    
 -0.1771092    
 -0.1471929    
 -0.1160780    
 -8.1487924E-02
 -4.4322483E-02
 -1.2289076E-02
  6.0519790E-03
  7.9905856E-03
  1.0000000E-10
  1.0000000E-10
  0.6195813    
   1.117456    
   1.262742    
   1.270957    
   1.243356    
   1.202031    
   1.150700    
   1.091049    
   1.025141    
  0.9553575    
  0.8840690    
  0.8133913    
  0.7450042    
  0.6800638    
  0.6191778    
  0.5624150    
  0.5093215    
  0.4589260    
  0.4095280    
  0.3573914    
  0.3023664    
  0.2470505    
  0.1904863    
  0.1316901    
  7.2601058E-02
  1.6776057E-02
 -3.5067454E-02
 -8.2753770E-02
 -0.1259648    
 -0.1643697    
 -0.1971128    
 -0.2231051    
 -0.2414789    
 -0.2517897    
 -0.2541386    
 -0.2489903    
 -0.2370706    
 -0.2191819    
 -0.1961938    
 -0.1690231    
 -0.1386718    
 -0.1061459    
 -7.1926102E-02
 -2.9481813E-02
  9.6597048E-03
  3.7672531E-02
  4.5010492E-02
  2.5413655E-02
  1.0000000E-10
  1.0000000E-10
  0.7533471    
   1.285070    
   1.400157    
   1.389190    
   1.345458    
   1.285488    
   1.212989    
   1.131187    
   1.043833    
  0.9547120    
  0.8671305    
  0.7836321    
  0.7059058    
  0.6348324    
  0.5705984    
  0.5128033    
  0.4605010    
  0.4121186    
  0.3639272    
  0.3118434    
  0.2596571    
  0.2094373    
  0.1584823    
  0.1054631    
  5.1971249E-02
  1.5619248E-03
 -4.5377128E-02
 -8.8878453E-02
 -0.1283156    
 -0.1628594    
 -0.1913722    
 -0.2127245    
 -0.2262066    
 -0.2315999    
 -0.2293365    
 -0.2201192    
 -0.2048623    
 -0.1843848    
 -0.1595560    
 -0.1309986    
 -9.9368364E-02
 -6.4449310E-02
 -2.0707246E-02
  2.2091081E-02
  5.7087239E-02
  7.4232794E-02
  6.8053551E-02
  3.3711363E-02
  1.0000000E-10
  1.0000000E-10
  0.9273061    
   1.488385    
   1.563566    
   1.531132    
   1.465628    
   1.379235    
   1.277080    
   1.165529    
   1.051080    
  0.9393134    
  0.8342836    
  0.7384596    
  0.6529490    
  0.5778382    
  0.5125207    
  0.4559176    
  0.4064609    
  0.3615824    
  0.3141423    
  0.2629688    
  0.2163264    
  0.1720574    
  0.1273253    
  8.0467187E-02
  3.2642413E-02
 -1.1956492E-02
 -5.3871859E-02
 -9.2756830E-02
 -0.1276480    
 -0.1573506    
 -0.1806191    
 -0.1964366    
 -0.2043643    
 -0.2044168    
 -0.1974292    
 -0.1843161    
 -0.1663274    
 -0.1441750    
 -0.1188049    
 -9.0078071E-02
 -5.5100918E-02
 -1.1621394E-02
  2.7674366E-02
  6.0529336E-02
  8.1073187E-02
  8.5776813E-02
  7.0226096E-02
  3.1426221E-02
  1.0000000E-10
  1.0000000E-10
   1.155099    
   1.729343    
   1.762220    
   1.704936    
   1.609803    
   1.485226    
   1.340474    
   1.188714    
   1.040663    
  0.9036303    
  0.7814759    
  0.6754485    
  0.5850959    
  0.5090364    
  0.4455015    
  0.3926156    
  0.3481391    
  0.3072075    
  0.2602685    
  0.2133813    
  0.1733465    
  0.1355849    
  9.7354226E-02
  5.6483407E-02
  1.5139699E-02
 -2.3549795E-02
 -6.0023192E-02
 -9.3482502E-02
 -0.1227111    
 -0.1463959    
 -0.1634017    
 -0.1729554    
 -0.1749543    
 -0.1695782    
 -0.1581220    
 -0.1413791    
 -0.1210651    
 -9.7747669E-02
 -7.0494123E-02
 -3.5894159E-02
 -5.5381269E-03
  2.2569444E-02
  4.9022142E-02
  6.9862187E-02
  8.0638975E-02
  7.7642456E-02
  5.8208331E-02
  2.3508521E-02
  1.0000000E-10
  1.0000000E-10
   1.447995    
   2.012085    
   2.007107    
   1.921421    
   1.787235    
   1.606444    
   1.397724    
   1.191253    
   1.003012    
  0.8402517    
  0.7040618    
  0.5923783    
  0.5018544    
  0.4289619    
  0.3705477    
  0.3239941    
  0.2865260    
  0.2495560    
  0.2036702    
  0.1641253    
  0.1313945    
  0.1005662    
  6.8720169E-02
  3.3932023E-02
 -4.5018774E-04
 -3.2706749E-02
 -6.2816344E-02
 -8.9578703E-02
 -0.1118130    
 -0.1283872    
 -0.1384655    
 -0.1415707    
 -0.1378469    
 -0.1274296    
 -0.1120830    
 -9.1760263E-02
 -6.6207752E-02
 -3.7382163E-02
 -2.0725273E-02
 -8.0167130E-03
  8.3396230E-03
  2.8246498E-02
  4.7456048E-02
  6.1328404E-02
  6.5973431E-02
  5.8879040E-02
  4.0599015E-02
  1.4991632E-02
  1.0000000E-10
  1.0000000E-10
   1.808830    
   2.350109    
   2.311794    
   2.197648    
   2.016258    
   1.749968    
   1.436544    
   1.156517    
  0.9245258    
  0.7408013    
  0.5982443    
  0.4885205    
  0.4041323    
  0.3391234    
  0.2891705    
  0.2512987    
  0.2222293    
  0.1875955    
  0.1467240    
  0.1166000    
  9.1679715E-02
  6.6950738E-02
  4.0784314E-02
  1.3693604E-02
 -1.2924899E-02
 -3.7715882E-02
 -6.0190197E-02
 -7.9156473E-02
 -9.3465365E-02
 -0.1024435    
 -0.1056926    
 -0.1030208    
 -9.4403811E-02
 -7.8457430E-02
 -5.6568697E-02
 -2.8270524E-02
 -1.4999103E-02
 -1.1789137E-02
 -1.0010383E-02
 -2.8910013E-03
  9.1846641E-03
  2.3474727E-02
  3.6345322E-02
  4.4372395E-02
  4.5182537E-02
  3.8127527E-02
  2.4823602E-02
  8.4681390E-03
  1.0000000E-10
  1.0000000E-10
   2.242930    
   2.750408    
   2.679829    
   2.538576    
   2.314082    
   1.941148    
   1.434515    
   1.057078    
  0.7851676    
  0.5939566    
  0.4588446    
  0.3621857    
  0.2919996    
  0.2405190    
  0.2030348    
  0.1765845    
  0.1560685    
  0.1250220    
  9.3490459E-02
  7.1327791E-02
  5.2535359E-02
  3.4734260E-02
  1.6846893E-02
 -1.5811946E-03
 -1.9301385E-02
 -3.5322700E-02
 -4.8959460E-02
 -5.9022721E-02
 -6.5135323E-02
 -6.6697031E-02
 -6.3395433E-02
 -5.4971766E-02
 -4.1076522E-02
 -2.4213953E-02
 -1.0185370E-02
 -4.2022686E-03
 -4.3786587E-03
 -5.2621672E-03
 -5.2222484E-03
 -1.3798178E-03
  5.9939930E-03
  1.4805522E-02
  2.2443922E-02
  2.6639640E-02
  2.6116736E-02
  2.1001400E-02
  1.2839220E-02
  3.9271601E-03
  1.0000000E-10
  1.0000000E-10
   2.760079    
   3.206138    
   3.128172    
   3.015645    
   2.831704    
   2.333768    
   1.285958    
  0.8241203    
  0.5584096    
  0.3977187    
  0.2949034    
  0.2261131    
  0.1782500    
  0.1439164    
  0.1188186    
  0.1004575    
  8.2903884E-02
  5.6448810E-02
  3.8647979E-02
  2.7905429E-02
  1.8887175E-02
  1.0056832E-02
  1.0035910E-03
 -8.0863833E-03
 -1.6414313E-02
 -2.3392759E-02
 -2.8411595E-02
 -3.0812001E-02
 -3.0434785E-02
 -2.7248232E-02
 -2.1718426E-02
 -1.4683185E-02
 -7.9858750E-03
 -4.1484968E-03
 -8.1193988E-04
  1.0235562E-03
 -3.4483295E-04
 -1.7915720E-03
 -2.4518506E-03
 -1.2101788E-03
  1.9023641E-03
  5.9076217E-03
  9.4322311E-03
  1.1265446E-02
  1.0801172E-02
  8.2383165E-03
  4.4968151E-03
  9.4405119E-04
  1.0000000E-10
  1.0000000E-10
   3.233734    
   3.620753    
   3.535296    
   3.403592    
   3.100743    
   2.245766    
  0.9077997    
  0.4536870    
  0.2476787    
  0.1483942    
  9.4013959E-02
  6.0855392E-02
  3.8825948E-02
  2.3422338E-02
  1.3374380E-02
  8.0325017E-03
  1.8720274E-03
 -1.2703163E-03
 -6.9872796E-04
 -8.3819433E-04
 -1.9767608E-03
 -3.5772822E-03
 -5.3185350E-03
 -6.9056409E-03
 -8.0948882E-03
 -8.6751590E-03
 -8.2448507E-03
 -6.6985930E-03
 -4.5786970E-03
 -2.2185303E-03
 -1.9305157E-04
  9.0197707E-04
  1.4232777E-03
  1.0613857E-03
  8.1902416E-04
  1.0732108E-03
  5.9122359E-04
 -5.1859126E-05
 -6.2136201E-04
 -7.9113350E-04
 -4.4446805E-04
  2.8863494E-04
  1.0821795E-03
  1.5728038E-03
  1.5391894E-03
  9.8986982E-04
  1.6098827E-04
 -4.1338318E-04
  1.0000000E-10
  1.0000000E-10
   3.846177    
   3.846177    
   3.846177    
   3.846177    
   3.846177    
   3.846177    
  1.0000000E-10
  1.0000000E-10
  1.0000000E-10
  1.0000000E-10
  1.0000000E-10
  1.0000000E-10
  1.0000000E-10
  1.0000000E-10
  1.0000000E-10
  1.0000000E-10
  1.0000000E-10
  1.0000000E-10
  1.0000000E-10
  1.0000000E-10
  1.0000000E-10
  1.0000000E-10
  1.0000000E-10
  1.0000000E-10
  1.0000000E-10
  1.0000000E-10
  1.0000000E-10
  1.0000000E-10
  1.0000000E-10
  1.0000000E-10
  1.0000000E-10
  1.0000000E-10
  1.0000000E-10
  1.0000000E-10
  1.0000000E-10
  1.0000000E-10
  1.0000000E-10
  1.0000000E-10
  1.0000000E-10
  1.0000000E-10
  1.0000000E-10
  1.0000000E-10
  1.0000000E-10
  1.0000000E-10
  1.0000000E-10
  1.0000000E-10
  1.0000000E-10
  1.0000000E-10
  1.0000000E-10
