  1.0000000E-10
  1.0000000E-10
  1.0000000E-10
  1.0000000E-10
  1.0000000E-10
  1.0000000E-10
  1.0000000E-10
  1.0000000E-10
  1.0000000E-10
  1.0000000E-10
  1.0000000E-10
  1.0000000E-10
  1.0000000E-10
  1.0000000E-10
  1.0000000E-10
  1.0000000E-10
  1.0000000E-10
  1.0000000E-10
  1.0000000E-10
  1.0000000E-10
  1.0000000E-10
  1.0000000E-10
  1.0000000E-10
  1.0000000E-10
  1.0000000E-10
  1.0000000E-10
  1.0000000E-10
  1.0000000E-10
  1.0000000E-10
  1.0000000E-10
  1.0000000E-10
  1.0000000E-10
  1.0000000E-10
  1.0000000E-10
  1.0000000E-10
  1.0000000E-10
  1.0000000E-10
  1.0000000E-10
  1.0000000E-10
  1.0000000E-10
  1.0000000E-10
  1.0000000E-10
  1.0000000E-10
  1.0000000E-10
  1.0000000E-10
  1.0000000E-10
  1.0000000E-10
  1.0000000E-10
  1.0000000E-10
  1.0000000E-10
  1.0000000E-10
  2.7655109E-04
 -7.9564314E-05
 -1.3319362E-03
 -3.6856574E-03
 -7.2347382E-03
 -1.2301817E-02
 -1.9470308E-02
 -2.9447526E-02
 -4.1981362E-02
 -5.4915875E-02
 -6.3288540E-02
 -6.1197545E-02
 -4.5722090E-02
 -1.9244112E-02
  1.2371235E-02
  4.5020692E-02
  7.3343977E-02
  9.4440676E-02
  0.1071914    
  0.1109919    
  0.1061306    
  9.3651131E-02
  7.5397588E-02
  5.3719524E-02
  3.1853132E-02
  1.3359771E-02
  9.5881184E-04
 -6.0673449E-03
 -9.2435582E-03
 -1.0132424E-02
 -9.8254280E-03
 -9.0206228E-03
 -8.3822943E-03
 -8.2910666E-03
 -8.6525418E-03
 -9.1166170E-03
 -9.3209380E-03
 -9.0341540E-03
 -8.1935944E-03
 -6.8937452E-03
 -5.3327857E-03
 -3.7408171E-03
 -2.3177068E-03
 -1.1964219E-03
 -4.3451955E-04
 -2.5501900E-05
  9.4532486E-05
  6.6973349E-05
  1.0000000E-10
  1.0000000E-10
 -1.9403061E-04
 -2.6421729E-03
 -7.4941358E-03
 -1.4858152E-02
 -2.4960218E-02
 -3.8197216E-02
 -5.4801013E-02
 -7.4355826E-02
 -9.2496216E-02
 -0.1046312    
 -0.1049666    
 -8.8093802E-02
 -5.2222870E-02
 -3.4435955E-03
  5.1550720E-02
  0.1052943    
  0.1529217    
  0.1930343    
  0.2228449    
  0.2402099    
  0.2436079    
  0.2321701    
  0.2060460    
  0.1666089    
  0.1191832    
  7.2189920E-02
  3.2385129E-02
  4.4532167E-03
 -1.1605459E-02
 -1.9098146E-02
 -2.1630716E-02
 -2.1725459E-02
 -2.1392541E-02
 -2.1723522E-02
 -2.2665774E-02
 -2.3548607E-02
 -2.3670048E-02
 -2.2636298E-02
 -2.0415045E-02
 -1.7270623E-02
 -1.3635805E-02
 -9.9752154E-03
 -6.6794907E-03
 -4.0054838E-03
 -2.0616413E-03
 -8.2933216E-04
 -1.9672058E-04
  2.6192918E-05
  1.0000000E-10
  1.0000000E-10
 -5.7540467E-04
 -4.8423256E-03
 -1.2546915E-02
 -2.3275835E-02
 -3.6760300E-02
 -5.2679978E-02
 -7.0237957E-02
 -8.7098822E-02
 -9.8797783E-02
 -0.1015618    
 -8.8608921E-02
 -5.5233009E-02
 -5.7033212E-03
  4.7044560E-02
  0.1014130    
  0.1528393    
  0.2014587    
  0.2454948    
  0.2815756    
  0.3071315    
  0.3198738    
  0.3176587    
  0.2986822    
  0.2616745    
  0.2096631    
  0.1507051    
  9.2783265E-02
  4.2810764E-02
  5.1599238E-03
 -1.5306105E-02
 -2.4959492E-02
 -2.8692165E-02
 -3.0197140E-02
 -3.1561092E-02
 -3.3158056E-02
 -3.4350000E-02
 -3.4356400E-02
 -3.2776456E-02
 -2.9638890E-02
 -2.5304355E-02
 -2.0314822E-02
 -1.5245924E-02
 -1.0593039E-02
 -6.7001577E-03
 -3.7342180E-03
 -1.7061271E-03
 -5.2226370E-04
 -7.6038209E-06
  1.0000000E-10
  1.0000000E-10
 -5.8740377E-04
 -5.0635538E-03
 -1.2993990E-02
 -2.3557134E-02
 -3.5841171E-02
 -4.8763316E-02
 -6.0870271E-02
 -7.0212245E-02
 -7.3585942E-02
 -6.6205688E-02
 -3.8726244E-02
  6.8394896E-03
  5.1595997E-02
  9.8408893E-02
  0.1452995    
  0.1926716    
  0.2386655    
  0.2799997    
  0.3152580    
  0.3425964    
  0.3597370    
  0.3644672    
  0.3544144    
  0.3268771    
  0.2821375    
  0.2263855    
  0.1644951    
  0.1030421    
  4.8610751E-02
  6.0000583E-03
 -1.7122213E-02
 -2.8298892E-02
 -3.3653639E-02
 -3.6904056E-02
 -3.9487410E-02
 -4.1252043E-02
 -4.1526087E-02
 -3.9943159E-02
 -3.6539964E-02
 -3.1677619E-02
 -2.5916595E-02
 -1.9885477E-02
 -1.4168961E-02
 -9.2197210E-03
 -5.3058197E-03
 -2.5141572E-03
 -8.0460933E-04
 -2.4048746E-05
  1.0000000E-10
  1.0000000E-10
 -2.4387134E-04
 -3.1328714E-03
 -8.4730368E-03
 -1.5542866E-02
 -2.3115648E-02
 -3.0078543E-02
 -3.5255104E-02
 -3.6932990E-02
 -3.2705236E-02
 -1.6331723E-02
  2.2719162E-02
  6.2332403E-02
  0.1020946    
  0.1428531    
  0.1849721    
  0.2272828    
  0.2681387    
  0.3058810    
  0.3384544    
  0.3643389    
  0.3820433    
  0.3897742    
  0.3855660    
  0.3669036    
  0.3335691    
  0.2881851    
  0.2349300    
  0.1770830    
  0.1173728    
  5.7929419E-02
  8.5109333E-03
 -1.6913639E-02
 -2.9816877E-02
 -3.6706343E-02
 -4.1054979E-02
 -4.4000223E-02
 -4.5223948E-02
 -4.4402983E-02
 -4.1510683E-02
 -3.6824156E-02
 -3.0857150E-02
 -2.4255380E-02
 -1.7693778E-02
 -1.1770396E-02
 -6.9118831E-03
 -3.3347374E-03
 -1.0848198E-03
 -3.6784691E-05
  1.0000000E-10
  1.0000000E-10
  1.3394894E-04
 -5.1899621E-04
 -2.1414489E-03
 -4.4485042E-03
 -6.7546223E-03
 -7.9404172E-03
 -6.9006965E-03
 -2.3964231E-03
  7.5127119E-03
  3.4943193E-02
  7.5834662E-02
  0.1116513    
  0.1476534    
  0.1845671    
  0.2219337    
  0.2588999    
  0.2943451    
  0.3270141    
  0.3557032    
  0.3787995    
  0.3951956    
  0.4034346    
  0.4020392    
  0.3890434    
  0.3631061    
  0.3265590    
  0.2822475    
  0.2328201    
  0.1802753    
  0.1265827    
  7.1111709E-02
  1.4878660E-02
 -1.4185170E-02
 -2.8966926E-02
 -3.6905918E-02
 -4.2030089E-02
 -4.5043815E-02
 -4.5818646E-02
 -4.4259403E-02
 -4.0515076E-02
 -3.5003856E-02
 -2.8337410E-02
 -2.1249499E-02
 -1.4489205E-02
 -8.6937575E-03
 -4.2751846E-03
 -1.4181281E-03
 -5.8392328E-05
  1.0000000E-10
  1.0000000E-10
  2.8537141E-04
  1.2198313E-03
  2.4780948E-03
  3.8243704E-03
  5.5980226E-03
  8.5756807E-03
  1.3811414E-02
  2.2438958E-02
  4.0500190E-02
  8.2543217E-02
  0.1195720    
  0.1543124    
  0.1882221    
  0.2215558    
  0.2541747    
  0.2856941    
  0.3155075    
  0.3428484    
  0.3668570    
  0.3866602    
  0.4009750    
  0.4086382    
  0.4084664    
  0.3985942    
  0.3779995    
  0.3483840    
  0.3118308    
  0.2703056    
  0.2252078    
  0.1779957    
  0.1294086    
  7.9898000E-02
  2.6318718E-02
 -8.3244955E-03
 -2.4670400E-02
 -3.3947751E-02
 -3.9799068E-02
 -4.2971764E-02
 -4.3530885E-02
 -4.1541018E-02
 -3.7305906E-02
 -3.1336572E-02
 -2.4352441E-02
 -1.7160976E-02
 -1.0603704E-02
 -5.3553581E-03
 -1.8283785E-03
 -9.6428390E-05
  1.0000000E-10
  1.0000000E-10
  2.0860774E-04
  1.5203006E-03
  3.7702469E-03
  6.7022038E-03
  1.0451061E-02
  1.5704181E-02
  2.3886260E-02
  3.8409766E-02
  7.6578893E-02
  0.1183871    
  0.1558303    
  0.1902087    
  0.2220821    
  0.2518438    
  0.2797406    
  0.3058326    
  0.3299858    
  0.3518932    
  0.3711007    
  0.3870566    
  0.3989680    
  0.4056212    
  0.4060214    
  0.3982995    
  0.3816880    
  0.3574862    
  0.3273535    
  0.2927644    
  0.2546807    
  0.2141444    
  0.1720399    
  0.1291845    
  8.5293949E-02
  4.0273514E-02
  2.7655174E-03
 -1.6303480E-02
 -2.7144695E-02
 -3.3730965E-02
 -3.7198097E-02
 -3.7777096E-02
 -3.5719097E-02
 -3.1416483E-02
 -2.5644030E-02
 -1.8999061E-02
 -1.2309462E-02
 -6.4874841E-03
 -2.3174463E-03
 -1.6653753E-04
  1.0000000E-10
  1.0000000E-10
 -8.8785910E-06
  6.3036924E-04
  2.1115188E-03
  4.7067474E-03
  8.9340294E-03
  1.6109366E-02
  2.9539460E-02
  6.1123747E-02
  0.1078778    
  0.1489953    
  0.1859843    
  0.2188996    
  0.2480505    
  0.2739400    
  0.2970560    
  0.3177865    
  0.3363801    
  0.3529261    
  0.3673490    
  0.3793706    
  0.3886901    
  0.3940921    
  0.3946658    
  0.3887352    
  0.3754320    
  0.3557077    
  0.3309728    
  0.3024087    
  0.2706927    
  0.2365555    
  0.2007760    
  0.1641726    
  0.1272394    
  9.0088405E-02
  5.4371119E-02
  2.0321947E-02
 -2.1940423E-03
 -1.4908828E-02
 -2.2755731E-02
 -2.7009960E-02
 -2.8145341E-02
 -2.6646988E-02
 -2.3215348E-02
 -1.8332567E-02
 -1.2679614E-02
 -7.1342778E-03
 -2.7271470E-03
 -2.7015951E-04
  1.0000000E-10
  1.0000000E-10
 -2.2371559E-04
 -4.4387145E-04
 -1.5664082E-05
  2.1757241E-03
  7.7800248E-03
  1.9979447E-02
  4.6005607E-02
  9.2823610E-02
  0.1362050    
  0.1751973    
  0.2097696    
  0.2397002    
  0.2651983    
  0.2867540    
  0.3049642    
  0.3204258    
  0.3336622    
  0.3450714    
  0.3548892    
  0.3630955    
  0.3697669    
  0.3737970    
  0.3743953    
  0.3700505    
  0.3597047    
  0.3439119    
  0.3238801    
  0.3006110    
  0.2746176    
  0.2464361    
  0.2167031    
  0.1861246    
  0.1553584    
  0.1248020    
  9.5172226E-02
  6.7191675E-02
  3.9735157E-02
  1.6770747E-02
  2.1342954E-03
 -7.5270603E-03
 -1.3523532E-02
 -1.6028211E-02
 -1.5988955E-02
 -1.3969732E-02
 -1.0549136E-02
 -6.4699729E-03
 -2.7220836E-03
 -3.6745955E-04
  1.0000000E-10
  1.0000000E-10
 -2.9711015E-04
 -5.6814519E-04
  2.8074608E-04
  4.3464038E-03
  1.4768341E-02
  3.6527388E-02
  7.6990500E-02
  0.1207635    
  0.1600484    
  0.1953483    
  0.2259982    
  0.2517315    
  0.2727459    
  0.2895331    
  0.3027472    
  0.3131037    
  0.3213003    
  0.3279482    
  0.3335069    
  0.3381786    
  0.3421519    
  0.3448006    
  0.3453186    
  0.3424199    
  0.3348076    
  0.3225933    
  0.3067850    
  0.2882502    
  0.2674068    
  0.2446789    
  0.2205813    
  0.1956874    
  0.1705890    
  0.1457641    
  0.1217150    
  9.9000506E-02
  7.7448525E-02
  5.7009131E-02
  3.6080956E-02
  2.0630134E-02
  9.2385085E-03
  1.0661163E-03
 -3.4803618E-03
 -5.4428182E-03
 -5.3915805E-03
 -3.9485656E-03
 -1.9359090E-03
 -3.7645412E-04
  1.0000000E-10
  1.0000000E-10
 -3.1904061E-04
  1.8121944E-04
  3.1493746E-03
  1.1746979E-02
  3.0299231E-02
  6.1922554E-02
  0.1041903    
  0.1424028    
  0.1772750    
  0.2078475    
  0.2335038    
  0.2541675    
  0.2701256    
  0.2819062    
  0.2901928    
  0.2957532    
  0.2993758    
  0.3017999    
  0.3036211    
  0.3051904    
  0.3066676    
  0.3079493    
  0.3082296    
  0.3065290    
  0.3013364    
  0.2923270    
  0.2803096    
  0.2660234    
  0.2498093    
  0.2320172    
  0.2130612    
  0.1933875    
  0.1734594    
  0.1536876    
  0.1344405    
  0.1161022    
  9.8739073E-02
  8.2269698E-02
  6.6351332E-02
  4.8854802E-02
  3.4232493E-02
  2.2037666E-02
  1.2589627E-02
  6.1986274E-03
  2.2464553E-03
  2.4781315E-04
 -3.3880275E-04
 -2.2615382E-04
  1.0000000E-10
  1.0000000E-10
 -3.5611284E-04
  1.5327252E-03
  8.0631683E-03
  2.3245336E-02
  4.8773404E-02
  8.4939711E-02
  0.1226277    
  0.1563716    
  0.1861539    
  0.2112014    
  0.2312368    
  0.2464188    
  0.2571599    
  0.2640305    
  0.2677161    
  0.2689903    
  0.2686751    
  0.2675746    
  0.2663433    
  0.2653706    
  0.2648199    
  0.2647424    
  0.2645426    
  0.2636082    
  0.2603069    
  0.2539612    
  0.2452101    
  0.2346581    
  0.2225540    
  0.2091750    
  0.1948394    
  0.1798702    
  0.1645921    
  0.1492979    
  0.1342313    
  0.1196224    
  0.1055710    
  9.2052609E-02
  7.9058312E-02
  6.5826543E-02
  5.1786538E-02
  3.8964778E-02
  2.7417419E-02
  1.7679609E-02
  1.0227744E-02
  4.9060052E-03
  1.5833249E-03
  3.3628548E-05
  1.0000000E-10
  1.0000000E-10
 -3.3478503E-04
  3.5303829E-03
  1.4528509E-02
  3.5487514E-02
  6.4355716E-02
  0.1001234    
  0.1327055    
  0.1613772    
  0.1854603    
  0.2045631    
  0.2188086    
  0.2285789    
  0.2343833    
  0.2367971    
  0.2364736    
  0.2341643    
  0.2306937    
  0.2268919    
  0.2233991    
  0.2205310    
  0.2183525    
  0.2169388    
  0.2159130    
  0.2151288    
  0.2129634    
  0.2085345    
  0.2023834    
  0.1949787    
  0.1864460    
  0.1769697    
  0.1667611    
  0.1560183    
  0.1449321    
  0.1336741    
  0.1223813    
  0.1111743    
  0.1001212    
  8.9225478E-02
  7.8554884E-02
  6.7933090E-02
  5.6935489E-02
  4.5842513E-02
  3.4895178E-02
  2.4666702E-02
  1.5598014E-02
  8.2273465E-03
  3.0093181E-03
  2.4431947E-04
  1.0000000E-10
  1.0000000E-10
 -1.4718928E-04
  6.0597388E-03
  2.1000329E-02
  4.5029446E-02
  7.4672475E-02
  0.1069451    
  0.1340370    
  0.1568606    
  0.1748628    
  0.1880369    
  0.1967984    
  0.2016718    
  0.2031918    
  0.2018784    
  0.1983226    
  0.1932481    
  0.1874719    
  0.1818278    
  0.1768616    
  0.1727139    
  0.1692671    
  0.1664598    
  0.1640302    
  0.1624992    
  0.1604614    
  0.1570217    
  0.1527071    
  0.1478377    
  0.1423679    
  0.1363551    
  0.1298804    
  0.1230086    
  0.1158025    
  0.1083221    
  0.1006141    
  9.2720494E-02
  8.4663577E-02
  7.6468021E-02
  6.8358146E-02
  6.0020443E-02
  5.1637519E-02
  4.2850904E-02
  3.3782989E-02
  2.4691973E-02
  1.6179433E-02
  8.8118818E-03
  3.3256253E-03
  3.1684557E-04
  1.0000000E-10
  1.0000000E-10
  2.4476592E-04
  8.5677514E-03
  2.6024852E-02
  5.0869327E-02
  7.8563735E-02
  0.1053926    
  0.1266006    
  0.1432212    
  0.1552125    
  0.1629040    
  0.1668681    
  0.1676574    
  0.1657450    
  0.1615382    
  0.1555574    
  0.1485149    
  0.1412092    
  0.1344395    
  0.1285567    
  0.1234912    
  0.1188402    
  0.1143512    
  0.1096215    
  0.1062824    
  0.1032909    
  9.9926680E-02
  9.6785061E-02
  9.3986891E-02
  9.1242559E-02
  8.8443182E-02
  8.5507438E-02
  8.2353726E-02
  7.8922436E-02
  7.5174063E-02
  7.1083061E-02
  6.6635281E-02
  6.1850101E-02
  5.6684766E-02
  5.1386092E-02
  4.5827944E-02
  3.9899111E-02
  3.3548597E-02
  2.6786907E-02
  1.9864656E-02
  1.3115442E-02
  7.1664965E-03
  2.7174130E-03
  2.6434631E-04
  1.0000000E-10
  1.0000000E-10
  7.5388246E-04
  1.0484436E-02
  2.8826855E-02
  5.2224785E-02
  7.5782195E-02
  9.6328013E-02
  0.1114118    
  0.1219326    
  0.1284083    
  0.1313842    
  0.1314381    
  0.1290332    
  0.1245155    
  0.1181526    
  0.1104107    
  0.1019936    
  9.3614370E-02
  8.5931391E-02
  7.9050884E-02
  7.2923921E-02
  6.6342197E-02
  5.9935171E-02
  5.0933458E-02
  4.4857062E-02
  4.0457658E-02
  3.6857054E-02
  3.4793407E-02
  3.4088161E-02
  3.4127474E-02
  3.4643956E-02
  3.5376094E-02
  3.6077581E-02
  3.6566988E-02
  3.6719855E-02
  3.6455572E-02
  3.5719573E-02
  3.4521047E-02
  3.2799568E-02
  3.0632222E-02
  2.7955251E-02
  2.4748828E-02
  2.1056591E-02
  1.6964989E-02
  1.2624556E-02
  8.3411960E-03
  4.5415089E-03
  1.6922973E-03
  1.4993764E-04
  1.0000000E-10
  1.0000000E-10
  1.2412727E-03
  1.1507228E-02
  2.9012365E-02
  4.9051739E-02
  6.7245178E-02
  8.1145592E-02
  9.0273239E-02
  9.5211536E-02
  9.6937671E-02
  9.6062690E-02
  9.3032956E-02
  8.8151231E-02
  8.1623793E-02
  7.3591560E-02
  6.4468689E-02
  5.4854181E-02
  4.5164622E-02
  3.5684206E-02
  2.6536657E-02
  1.8125512E-02
  5.8357613E-03
 -6.5338961E-03
 -1.6748643E-02
 -2.4006432E-02
 -2.8916573E-02
 -3.2040406E-02
 -3.2460947E-02
 -3.0604176E-02
 -2.7306156E-02
 -2.3017058E-02
 -1.8196758E-02
 -1.3262970E-02
 -8.5297050E-03
 -4.1766851E-03
 -3.1220762E-04
  2.9459866E-03
  5.5592405E-03
  7.4664722E-03
  8.6806025E-03
  9.1744857E-03
  8.9615220E-03
  8.1084017E-03
  6.7472961E-03
  5.0769453E-03
  3.3374010E-03
  1.7763698E-03
  6.3444680E-04
  3.8466842E-05
  1.0000000E-10
  1.0000000E-10
  1.6277350E-03
  1.1474831E-02
  2.6646949E-02
  4.2066313E-02
  5.4224871E-02
  6.1879527E-02
  6.5306619E-02
  6.5446705E-02
  6.3201256E-02
  5.9138879E-02
  5.3529460E-02
  4.6530172E-02
  3.8237620E-02
  2.8697753E-02
  1.8202037E-02
  7.0042135E-03
 -5.0003184E-03
 -1.7878046E-02
 -3.1421933E-02
 -4.5443360E-02
 -6.3038893E-02
 -7.8421772E-02
 -8.9172654E-02
 -9.7513594E-02
 -0.1024979    
 -0.1044523    
 -0.1027208    
 -9.7843297E-02
 -9.0772651E-02
 -8.2184196E-02
 -7.2751820E-02
 -6.3055709E-02
 -5.3563844E-02
 -4.4467572E-02
 -3.6185745E-02
 -2.8776977E-02
 -2.2206545E-02
 -1.6561816E-02
 -1.1909461E-02
 -8.2556093E-03
 -5.5415467E-03
 -3.6423856E-03
 -2.3754011E-03
 -1.5359598E-03
 -9.4811770E-04
 -5.0576904E-04
 -1.8616790E-04
 -1.6563821E-05
  1.0000000E-10
  1.0000000E-10
  1.8767435E-03
  1.0462863E-02
  2.2173904E-02
  3.2247327E-02
  3.8295381E-02
  4.0093720E-02
  3.8475841E-02
  3.4439217E-02
  2.8759351E-02
  2.1818561E-02
  1.3736389E-02
  4.6218070E-03
 -5.4924227E-03
 -1.6625883E-02
 -2.8809484E-02
 -4.2412482E-02
 -5.7765279E-02
 -7.5142294E-02
 -9.4041489E-02
 -0.1139488    
 -0.1326026    
 -0.1486324    
 -0.1617806    
 -0.1714695    
 -0.1767062    
 -0.1772865    
 -0.1730205    
 -0.1646556    
 -0.1532992    
 -0.1398738    
 -0.1252656    
 -0.1102317    
 -9.5396303E-02
 -8.1224337E-02
 -6.8124719E-02
 -5.6116745E-02
 -4.5242168E-02
 -3.5821736E-02
 -2.7675794E-02
 -2.0893222E-02
 -1.5359538E-02
 -1.0911645E-02
 -7.3816376E-03
 -4.6407315E-03
 -2.6143205E-03
 -1.2456025E-03
 -4.3233417E-04
 -4.1944531E-05
  1.0000000E-10
  1.0000000E-10
  2.0252303E-03
  8.6276010E-03
  1.6038259E-02
  2.0373184E-02
  2.0430932E-02
  1.6765416E-02
  1.0512259E-02
  2.5482886E-03
 -6.5423767E-03
 -1.6569722E-02
 -2.7456483E-02
 -3.9022665E-02
 -5.1268876E-02
 -6.4054064E-02
 -7.7857248E-02
 -9.3333885E-02
 -0.1111870    
 -0.1318923    
 -0.1549142    
 -0.1780273    
 -0.1986625    
 -0.2166785    
 -0.2320916    
 -0.2431569    
 -0.2486332    
 -0.2477158    
 -0.2405894    
 -0.2282628    
 -0.2120287    
 -0.1930605    
 -0.1724822    
 -0.1512892    
 -0.1303315    
 -0.1103014    
 -9.1752633E-02
 -7.5051889E-02
 -6.0238879E-02
 -4.7284640E-02
 -3.6297675E-02
 -2.6850417E-02
 -1.9010384E-02
 -1.2668579E-02
 -7.6846997E-03
 -3.9444091E-03
 -1.3817111E-03
  5.8080841E-05
  4.8343674E-04
  2.7964578E-04
  1.0000000E-10
  1.0000000E-10
  2.0278273E-03
  5.7957061E-03
  8.0622807E-03
  6.2619685E-03
  2.8540075E-04
 -8.8369241E-03
 -1.9914804E-02
 -3.2334752E-02
 -4.5607515E-02
 -5.9656195E-02
 -7.4211702E-02
 -8.8882171E-02
 -0.1036809    
 -0.1184509    
 -0.1335069    
 -0.1491303    
 -0.1657504    
 -0.1850504    
 -0.2082640    
 -0.2315782    
 -0.2539794    
 -0.2750071    
 -0.2928516    
 -0.3055105    
 -0.3111913    
 -0.3087470    
 -0.2987343    
 -0.2824457    
 -0.2614034    
 -0.2370682    
 -0.2108494    
 -0.1840149    
 -0.1576416    
 -0.1325804    
 -0.1094615    
 -8.8741720E-02
 -7.0647277E-02
 -5.4822333E-02
 -4.2457372E-02
 -3.2406330E-02
 -2.4515048E-02
 -1.8300993E-02
 -1.3087679E-02
 -9.6200127E-03
 -7.0395409E-03
 -4.5052283E-03
 -2.9485160E-03
 -1.9188247E-03
  1.0000000E-10
  1.0000000E-10
  1.5819579E-03
  1.3356269E-03
 -2.6463622E-03
 -1.1293222E-02
 -2.3857702E-02
 -3.9191294E-02
 -5.6226749E-02
 -7.4703872E-02
 -9.3987234E-02
 -0.1140754    
 -0.1349732    
 -0.1566219    
 -0.1790560    
 -0.2023351    
 -0.2265776    
 -0.2522227    
 -0.2813426    
 -0.3117703    
 -0.3404561    
 -0.3701890    
 -0.4015492    
 -0.4345108    
 -0.4689802    
 -0.5045625    
 -0.5411286    
 -0.5774063    
 -0.6124619    
 -0.6470038    
 -0.6812891    
 -0.7151986    
 -0.7483792    
 -0.7803659    
 -0.8106894    
 -0.8389474    
 -0.8648440    
 -0.8882120    
 -0.9089894    
 -0.9271560    
 -0.9426746    
 -0.9557369    
 -0.9665502    
 -0.9753600    
 -0.9824098    
 -0.9878733    
 -0.9920895    
 -0.9953567    
 -0.9977525    
 -0.9992267    
  -1.000000    
  1.0000000E-10
  4.9952313E-04
 -4.9436181E-03
 -1.6333446E-02
 -3.2797415E-02
 -5.3108938E-02
 -7.6443933E-02
 -0.1019369    
 -0.1285020    
 -0.1570098    
 -0.1873956    
 -0.2198359    
 -0.2542275    
 -0.2901382    
 -0.3272420    
 -0.3655378    
 -0.4033056    
 -0.4388638    
 -0.4735683    
 -0.5096427    
 -0.5473511    
 -0.5870710    
 -0.6289231    
 -0.6727547    
 -0.7176633    
 -0.7624255    
 -0.8039449    
 -0.8400583    
 -0.8711273    
 -0.8973993    
 -0.9192273    
 -0.9370471    
 -0.9513558    
 -0.9626801    
 -0.9715397    
 -0.9784168    
 -0.9837369    
 -0.9878585    
 -0.9910646    
 -0.9935660    
 -0.9955187    
 -0.9970362    
 -0.9982014    
 -0.9990757    
 -0.9997024    
  -1.000107    
  -1.000294    
  -1.000272    
  -1.000135    
  -1.000000    
  1.0000000E-10
 -8.9641183E-04
 -1.2056955E-02
 -3.1406753E-02
 -5.6331411E-02
 -8.5918032E-02
 -0.1182730    
 -0.1525771    
 -0.1893458    
 -0.2277965    
 -0.2674075    
 -0.3077952    
 -0.3484071    
 -0.3887373    
 -0.4283732    
 -0.4668348    
 -0.5053192    
 -0.5446230    
 -0.5849763    
 -0.6264043    
 -0.6687585    
 -0.7118799    
 -0.7555117    
 -0.7991031    
 -0.8412501    
 -0.8801174    
 -0.9126087    
 -0.9375172    
 -0.9559913    
 -0.9690750    
 -0.9778956    
 -0.9835319    
 -0.9869497    
 -0.9889535    
 -0.9901580    
 -0.9909795    
 -0.9916646    
 -0.9923454    
 -0.9930854    
 -0.9939021    
 -0.9947814    
 -0.9956884    
 -0.9965801    
 -0.9974138    
 -0.9981567    
 -0.9987931    
 -0.9993160    
 -0.9997005    
 -0.9999059    
  -1.000000    
  1.0000000E-10
 -1.6537302E-03
 -1.8462103E-02
 -4.6899952E-02
 -8.2909800E-02
 -0.1215148    
 -0.1582561    
 -0.1960496    
 -0.2340418    
 -0.2723227    
 -0.3107492    
 -0.3490273    
 -0.3873607    
 -0.4263163    
 -0.4662616    
 -0.5073918    
 -0.5496223    
 -0.5926862    
 -0.6363199    
 -0.6802419    
 -0.7240967    
 -0.7674615    
 -0.8098471    
 -0.8505395    
 -0.8880806    
 -0.9207334    
 -0.9461578    
 -0.9641805    
 -0.9764159    
 -0.9841933    
 -0.9887348    
 -0.9910138    
 -0.9917406    
 -0.9914303    
 -0.9904839    
 -0.9891821    
 -0.9876953    
 -0.9862352    
 -0.9850705    
 -0.9844088    
 -0.9843522    
 -0.9848906    
 -0.9859405    
 -0.9873832    
 -0.9891264    
 -0.9912164    
 -0.9937993    
 -0.9966494    
 -0.9987701    
  -1.000000    
  1.0000000E-10
 -2.1217815E-03
 -2.1485113E-02
 -5.2725207E-02
 -8.9624040E-02
 -0.1257683    
 -0.1602070    
 -0.1952081    
 -0.2304810    
 -0.2665343    
 -0.3037176    
 -0.3422760    
 -0.3822395    
 -0.4234053    
 -0.4655139    
 -0.5083417    
 -0.5516254    
 -0.5950238    
 -0.6381183    
 -0.6803948    
 -0.7212109    
 -0.7597756    
 -0.7951304    
 -0.8259895    
 -0.8502410    
 -0.8652962    
 -0.8688706    
 -0.8614407    
 -0.8442331    
 -0.8182281    
 -0.7843698    
 -0.7434900    
 -0.6963291    
 -0.6438441    
 -0.5875117    
 -0.5288740    
 -0.4692567    
 -0.4116009    
 -0.3568723    
 -0.3057028    
 -0.2582784    
 -0.2145071    
 -0.1743063    
 -0.1373514    
 -0.1027824    
 -7.0500895E-02
 -4.4384927E-02
 -2.2914471E-02
 -2.8002565E-03
  1.0000000E-10
  1.0000000E-10
 -2.5098836E-03
 -2.0147940E-02
 -4.6821639E-02
 -7.6541439E-02
 -0.1083917    
 -0.1398513    
 -0.1737930    
 -0.2090759    
 -0.2456646    
 -0.2834430    
 -0.3223327    
 -0.3622170    
 -0.4029056    
 -0.4441413    
 -0.4856033    
 -0.5268915    
 -0.5675164    
 -0.6068808    
 -0.6442501    
 -0.6787096    
 -0.7091185    
 -0.7340587    
 -0.7516822    
 -0.7592947    
 -0.7535728    
 -0.7326655    
 -0.6982465    
 -0.6517783    
 -0.5948831    
 -0.5296210    
 -0.4586627    
 -0.3847717    
 -0.3133636    
 -0.2485216    
 -0.1910159    
 -0.1437697    
 -0.1034538    
 -6.8476170E-02
 -3.7964430E-02
 -1.3676320E-02
  6.0294978E-03
  2.0562330E-02
  2.9301524E-02
  3.1842209E-02
  2.8646111E-02
  2.1159317E-02
  1.1313663E-02
  2.6617395E-03
  1.0000000E-10
  1.0000000E-10
 -1.7760062E-03
 -1.6516361E-02
 -3.9647192E-02
 -6.6267595E-02
 -9.5837750E-02
 -0.1257504    
 -0.1576725    
 -0.1910351    
 -0.2257315    
 -0.2616065    
 -0.2984810    
 -0.3361256    
 -0.3742549    
 -0.4125211    
 -0.4505019    
 -0.4876858    
 -0.5234577    
 -0.5570797    
 -0.5876601    
 -0.6141092    
 -0.6350809    
 -0.6489089    
 -0.6534969    
 -0.6460447    
 -0.6232702    
 -0.5848148    
 -0.5347156    
 -0.4764937    
 -0.4147511    
 -0.3545185    
 -0.3014485    
 -0.2615095    
 -0.2302371    
 -0.2020009    
 -0.1758381    
 -0.1503848    
 -0.1253126    
 -0.1011276    
 -7.8409523E-02
 -5.6855559E-02
 -3.8915515E-02
 -2.3727840E-02
 -1.1617288E-02
 -3.0174232E-03
  1.6921720E-03
  2.5869003E-03
  1.2070970E-03
  2.1184893E-05
  1.0000000E-10
  1.0000000E-10
 -1.2811809E-03
 -1.4103781E-02
 -3.4933221E-02
 -5.9430979E-02
 -8.6598396E-02
 -0.1148361    
 -0.1444013    
 -0.1754056    
 -0.2075586    
 -0.2406948    
 -0.2745841    
 -0.3089376    
 -0.3434011    
 -0.3775504    
 -0.4108835    
 -0.4428112    
 -0.4726454    
 -0.4995834    
 -0.5226848    
 -0.5408365    
 -0.5527074    
 -0.5567112    
 -0.5509982    
 -0.5333858    
 -0.5017793    
 -0.4585825    
 -0.4109946    
 -0.3648792    
 -0.3254426    
 -0.2944118    
 -0.2700171    
 -0.2462306    
 -0.2220395    
 -0.1980971    
 -0.1750400    
 -0.1531517    
 -0.1326460    
 -0.1136958    
 -9.6411914E-02
 -8.0707788E-02
 -6.5795161E-02
 -5.2585669E-02
 -4.0094696E-02
 -2.8518520E-02
 -1.8040370E-02
 -9.2326775E-03
 -3.0354664E-03
 -4.2810210E-05
  1.0000000E-10
  1.0000000E-10
 -1.0326799E-03
 -1.2538730E-02
 -3.1700797E-02
 -5.4570783E-02
 -7.9677954E-02
 -0.1063423    
 -0.1337135    
 -0.1624511    
 -0.1920504    
 -0.2223368    
 -0.2530207    
 -0.2837577    
 -0.3141365    
 -0.3436786    
 -0.3718347    
 -0.3979827    
 -0.4214228    
 -0.4413715    
 -0.4569506    
 -0.4671713    
 -0.4709165    
 -0.4669595    
 -0.4540849    
 -0.4312012    
 -0.3979495    
 -0.3593813    
 -0.3238634    
 -0.2949481    
 -0.2711518    
 -0.2500903    
 -0.2294892    
 -0.2087466    
 -0.1885910    
 -0.1692976    
 -0.1510417    
 -0.1339218    
 -0.1180499    
 -0.1034631    
 -9.0106070E-02
 -7.7771008E-02
 -6.5823689E-02
 -5.4447062E-02
 -4.3090384E-02
 -3.1840529E-02
 -2.1042045E-02
 -1.1491759E-02
 -4.3194233E-03
 -4.1179796E-04
  1.0000000E-10
  1.0000000E-10
 -1.0065822E-03
 -1.1791013E-02
 -2.9937388E-02
 -5.1728953E-02
 -7.5353108E-02
 -0.1007591    
 -0.1263560    
 -0.1531650    
 -0.1804726    
 -0.2080910    
 -0.2356586    
 -0.2627726    
 -0.2889689    
 -0.3137288    
 -0.3364833    
 -0.3566185    
 -0.3734797    
 -0.3863750    
 -0.3945786    
 -0.3973337    
 -0.3938635    
 -0.3834435    
 -0.3656325    
 -0.3404589    
 -0.3089694    
 -0.2774080    
 -0.2522867    
 -0.2320518    
 -0.2113089    
 -0.1921083    
 -0.1737076    
 -0.1561832    
 -0.1398716    
 -0.1248381    
 -0.1110870    
 -9.8554082E-02
 -8.7263897E-02
 -7.7153169E-02
 -6.8071313E-02
 -5.9790403E-02
 -5.2106988E-02
 -4.4562407E-02
 -3.6893010E-02
 -2.8835386E-02
 -2.0370392E-02
 -1.1982287E-02
 -4.8814556E-03
 -6.0951995E-04
  1.0000000E-10
  1.0000000E-10
 -1.2472288E-03
 -1.2034992E-02
 -2.9999983E-02
 -5.1410217E-02
 -7.4289165E-02
 -9.8887570E-02
 -0.1232777    
 -0.1486275    
 -0.1740416    
 -0.1993025    
 -0.2239612    
 -0.2475527    
 -0.2695627    
 -0.2894470    
 -0.3066436    
 -0.3205858    
 -0.3307144    
 -0.3364882    
 -0.3373957    
 -0.3329719    
 -0.3228249    
 -0.3067311    
 -0.2849251    
 -0.2582293    
 -0.2282202    
 -0.2008775    
 -0.1800459    
 -0.1597793    
 -0.1399363    
 -0.1233515    
 -0.1071858    
 -9.3027823E-02
 -8.0477990E-02
 -6.9515184E-02
 -6.0085904E-02
 -5.2019548E-02
 -4.5294471E-02
 -3.9714079E-02
 -3.5102211E-02
 -3.1257145E-02
 -2.7952567E-02
 -2.4944868E-02
 -2.1902418E-02
 -1.8444059E-02
 -1.4226001E-02
 -9.2422133E-03
 -4.2391391E-03
 -7.5172156E-04
  1.0000000E-10
  1.0000000E-10
 -1.8337697E-03
 -1.3532725E-02
 -3.2366786E-02
 -5.4244775E-02
 -7.7250741E-02
 -0.1016003    
 -0.1254653    
 -0.1499042    
 -0.1738871    
 -0.1971347    
 -0.2190968    
 -0.2392420    
 -0.2570130    
 -0.2718607    
 -0.2832631    
 -0.2907448    
 -0.2938915    
 -0.2923623    
 -0.2859012    
 -0.2743567    
 -0.2577104    
 -0.2361606    
 -0.2104178    
 -0.1817674    
 -0.1516580    
 -0.1255668    
 -0.1060189    
 -8.2926743E-02
 -6.2924407E-02
 -4.8967563E-02
 -3.5281818E-02
 -2.4484171E-02
 -1.5542414E-02
 -8.3217341E-03
 -2.8295249E-03
  1.0328557E-03
  3.4528493E-03
  4.6236813E-03
  4.7406415E-03
  4.0074931E-03
  2.6074958E-03
  7.5944682E-04
 -1.2308138E-03
 -2.9962920E-03
 -4.0031974E-03
 -3.7739484E-03
 -2.3344774E-03
 -6.8614044E-04
  1.0000000E-10
  1.0000000E-10
 -2.8687576E-03
 -1.6611127E-02
 -3.7604552E-02
 -6.0956664E-02
 -8.5103266E-02
 -0.1098623    
 -0.1339895    
 -0.1581135    
 -0.1811382    
 -0.2026762    
 -0.2220662    
 -0.2387130    
 -0.2520345    
 -0.2615116    
 -0.2667097    
 -0.2672994    
 -0.2630669    
 -0.2539176    
 -0.2398774    
 -0.2211024    
 -0.1979079    
 -0.1708262    
 -0.1408289    
 -0.1094541    
 -7.7376358E-02
 -4.9661852E-02
 -3.0076882E-02
  1.7689639E-03
  1.5474041E-02
  2.6615923E-02
  3.7074748E-02
  4.5008060E-02
  5.0923526E-02
  5.4952182E-02
  5.7047017E-02
  5.7270888E-02
  5.5770501E-02
  5.2702580E-02
  4.8341680E-02
  4.2959619E-02
  3.6758009E-02
  2.9981187E-02
  2.2935372E-02
  1.5855124E-02
  9.2810960E-03
  3.9946432E-03
  7.7761570E-04
 -3.6239918E-04
  1.0000000E-10
  1.0000000E-10
 -4.4950303E-03
 -2.1685952E-02
 -4.6393428E-02
 -7.2399594E-02
 -9.8887719E-02
 -0.1248162    
 -0.1500985    
 -0.1745248    
 -0.1970230    
 -0.2170376    
 -0.2337992    
 -0.2466660    
 -0.2550723    
 -0.2585877    
 -0.2569350    
 -0.2500020    
 -0.2378381    
 -0.2206399    
 -0.1987306    
 -0.1725484    
 -0.1426824    
 -0.1099665    
 -7.5276978E-02
 -3.9967522E-02
 -2.3543956E-03
  2.8417377E-02
  5.9156951E-02
  8.0837585E-02
  9.0706788E-02
  9.9778272E-02
  0.1075790    
  0.1131608    
  0.1165372    
  0.1177269    
  0.1167016    
  0.1135171    
  0.1083141    
  0.1012979    
  9.2711657E-02
  8.2847081E-02
  7.1894825E-02
  6.0242690E-02
  4.8349302E-02
  3.6229145E-02
  2.4258064E-02
  1.3281623E-02
  4.8431363E-03
  2.5092514E-04
  1.0000000E-10
  1.0000000E-10
 -6.9395769E-03
 -2.9320583E-02
 -5.9554782E-02
 -8.9919940E-02
 -0.1195694    
 -0.1479736    
 -0.1753121    
 -0.2006658    
 -0.2229597    
 -0.2414234    
 -0.2552071    
 -0.2636710    
 -0.2663440    
 -0.2629789    
 -0.2535536    
 -0.2382613    
 -0.2174829    
 -0.1917462    
 -0.1616769    
 -0.1279487    
 -9.1282956E-02
 -5.2666057E-02
 -1.1354348E-02
  3.0160518E-02
  7.2197892E-02
  0.1043956    
  0.1333318    
  0.1508017    
  0.1612123    
  0.1692597    
  0.1751325    
  0.1785096    
  0.1793455    
  0.1776277    
  0.1733725    
  0.1666891    
  0.1577770    
  0.1468901    
  0.1343012    
  0.1202795    
  0.1051120    
  8.9227475E-02
  7.2725974E-02
  5.6037843E-02
  3.9302871E-02
  2.2979386E-02
  9.2663616E-03
  9.9318090E-04
  1.0000000E-10
  1.0000000E-10
 -1.0491200E-02
 -4.0243600E-02
 -7.8247361E-02
 -0.1149376    
 -0.1487474    
 -0.1812715    
 -0.2116044    
 -0.2384669    
 -0.2606526    
 -0.2771819    
 -0.2871945    
 -0.2901568    
 -0.2858264    
 -0.2742781    
 -0.2558696    
 -0.2311983    
 -0.2010399    
 -0.1662792    
 -0.1278282    
 -8.6479932E-02
 -4.2559277E-02
  3.9374870E-03
  5.3072046E-02
  9.8924264E-02
  0.1424329    
  0.1751862    
  0.2016009    
  0.2181520    
  0.2282044    
  0.2348883    
  0.2386919    
  0.2395322    
  0.2373722    
  0.2322302    
  0.2242188    
  0.2135728    
  0.2006195    
  0.1857210    
  0.1692224    
  0.1514373    
  0.1326551    
  0.1130184    
  9.3504928E-02
  7.2630949E-02
  5.1963542E-02
  3.1022364E-02
  1.2725578E-02
  1.4238264E-03
  1.0000000E-10
  1.0000000E-10
 -1.5564447E-02
 -5.5401340E-02
 -0.1045957    
 -0.1485011    
 -0.1889045    
 -0.2272465    
 -0.2616101    
 -0.2904021    
 -0.3121692    
 -0.3258140    
 -0.3306168    
 -0.3263460    
 -0.3131961    
 -0.2917475    
 -0.2628784    
 -0.2276795    
 -0.1873632    
 -0.1431669    
 -9.6245192E-02
 -4.6986558E-02
  6.0249567E-03
  6.1627485E-02
  0.1154322    
  0.1648653    
  0.2086729    
  0.2439384    
  0.2677425    
  0.2826971    
  0.2913523    
  0.2960358    
  0.2971768    
  0.2947071    
  0.2886156    
  0.2790276    
  0.2662434    
  0.2507201    
  0.2330040    
  0.2136399    
  0.1930933    
  0.1717461    
  0.1498562    
  0.1275530    
  0.1054192    
  8.1809625E-02
  5.7376061E-02
  3.3574376E-02
  1.3476850E-02
  1.4280551E-03
  1.0000000E-10
  1.0000000E-10
 -2.2544466E-02
 -7.6437935E-02
 -0.1401537    
 -0.1931358    
 -0.2433335    
 -0.2894501    
 -0.3289222    
 -0.3596692    
 -0.3799998    
 -0.3889274    
 -0.3861720    
 -0.3721330    
 -0.3477325    
 -0.3142691    
 -0.2732661    
 -0.2263566    
 -0.1751873    
 -0.1213180    
 -6.6040486E-02
 -7.0002340E-03
  5.6134149E-02
  0.1178804    
  0.1756505    
  0.2278127    
  0.2717772    
  0.3066261    
  0.3290405    
  0.3426608    
  0.3496808    
  0.3517880    
  0.3493049    
  0.3422281    
  0.3307090    
  0.3151122    
  0.2960413    
  0.2742730    
  0.2506597    
  0.2260037    
  0.2009476    
  0.1759980    
  0.1513246    
  0.1269425    
  0.1026411    
  7.4999541E-02
  4.8938695E-02
  2.6327161E-02
  9.7361198E-03
  7.0729223E-04
  1.0000000E-10
  1.0000000E-10
 -3.1537060E-02
 -0.1057657    
 -0.1861383    
 -0.2527362    
 -0.3165516    
 -0.3728856    
 -0.4184225    
 -0.4503725    
 -0.4670590    
 -0.4680973    
 -0.4542006    
 -0.4268979    
 -0.3881935    
 -0.3402941    
 -0.2854190    
 -0.2257033    
 -0.1631493    
 -9.9627517E-02
 -3.5046399E-02
  3.4877639E-02
  0.1060709    
  0.1727802    
  0.2339069    
  0.2879671    
  0.3327802    
  0.3662040    
  0.3872732    
  0.3990078    
  0.4032841    
  0.4012984    
  0.3933333    
  0.3795793    
  0.3605157    
  0.3368627    
  0.3096167    
  0.2799170    
  0.2489542    
  0.2178129    
  0.1873657    
  0.1582977    
  0.1304153    
  0.1033488    
  7.2880983E-02
  4.5961283E-02
  2.4221830E-02
  9.9928090E-03
  2.1786946E-03
 -7.0778205E-04
  1.0000000E-10
  1.0000000E-10
 -4.4275347E-02
 -0.1449965    
 -0.2455983    
 -0.3325006    
 -0.4149598    
 -0.4846931    
 -0.5368054    
 -0.5677420    
 -0.5765941    
 -0.5645906    
 -0.5343732    
 -0.4892639    
 -0.4326864    
 -0.3678218    
 -0.2974786    
 -0.2241290    
 -0.1499995    
 -7.7279270E-02
 -1.8139569E-03
  7.9527475E-02
  0.1556793    
  0.2265776    
  0.2903470    
  0.3456537    
  0.3921484    
  0.4236611    
  0.4427685    
  0.4511251    
  0.4505822    
  0.4420037    
  0.4258305    
  0.4026690    
  0.3735393    
  0.3395858    
  0.3022380    
  0.2629018    
  0.2230388    
  0.1838477    
  0.1465423    
  0.1121623    
  7.8333624E-02
  4.5159929E-02
  2.1722054E-02
  4.9061100E-03
 -3.6981788E-03
 -6.2630051E-03
 -4.6558981E-03
 -1.6648029E-03
  1.0000000E-10
  1.0000000E-10
 -6.3108571E-02
 -0.1953731    
 -0.3224194    
 -0.4388270    
 -0.5474217    
 -0.6351388    
 -0.6933996    
 -0.7183695    
 -0.7119150    
 -0.6788706    
 -0.6252284    
 -0.5568016    
 -0.4785549    
 -0.3944162    
 -0.3074095    
 -0.2199979    
 -0.1344961    
 -5.2189201E-02
  3.5949785E-02
  0.1247530    
  0.2053124    
  0.2794406    
  0.3450405    
  0.4023121    
  0.4478634    
  0.4773389    
  0.4929918    
  0.4957758    
  0.4873444    
  0.4686923    
  0.4408545    
  0.4051748    
  0.3634681    
  0.3172219    
  0.2683481    
  0.2179761    
  0.1677605    
  0.1186468    
  7.2560214E-02
  2.8496671E-02
  1.9975186E-03
 -1.3694486E-02
 -2.2378307E-02
 -2.4886588E-02
 -2.2235036E-02
 -1.5884481E-02
 -7.8337658E-03
 -1.5756825E-03
  1.0000000E-10
  1.0000000E-10
 -8.7659545E-02
 -0.2567778    
 -0.4207604    
 -0.5789363    
 -0.7261541    
 -0.8395892    
 -0.9017068    
 -0.9104094    
 -0.8757474    
 -0.8097586    
 -0.7235552    
 -0.6257413    
 -0.5223499    
 -0.4173186    
 -0.3131741    
 -0.2118565    
 -0.1157244    
 -2.3056110E-02
  7.9145953E-02
  0.1712622    
  0.2553171    
  0.3315436    
  0.3988148    
  0.4579037    
  0.5008504    
  0.5258742    
  0.5343731    
  0.5269679    
  0.5056727    
  0.4722891    
  0.4288935    
  0.3777708    
  0.3216857    
  0.2618236    
  0.2012194    
  0.1387696    
  7.6835014E-02
  1.3822867E-02
 -1.8977156E-02
 -3.4938980E-02
 -4.3702569E-02
 -4.7141466E-02
 -4.5689404E-02
 -3.9448734E-02
 -2.9802522E-02
 -1.8360458E-02
 -7.6653627E-03
 -9.9642179E-04
  1.0000000E-10
  1.0000000E-10
 -0.1161688    
 -0.3307083    
 -0.5430043    
 -0.7582383    
 -0.9665124    
  -1.122327    
  -1.182974    
  -1.153829    
  -1.068917    
 -0.9530069    
 -0.8234963    
 -0.6906195    
 -0.5598111    
 -0.4335710    
 -0.3128969    
 -0.1986253    
 -9.3430832E-02
  1.5613207E-02
  0.1254773    
  0.2197644    
  0.3060143    
  0.3846838    
  0.4539812    
  0.5090082    
  0.5446050    
  0.5588270    
  0.5530185    
  0.5289061    
  0.4889431    
  0.4364097    
  0.3746607    
  0.3068749    
  0.2368156    
  0.1625985    
  9.2204005E-02
  1.3626947E-02
 -2.3949521E-02
 -4.3379329E-02
 -5.4249577E-02
 -6.0448077E-02
 -6.2403921E-02
 -5.9711233E-02
 -5.2612096E-02
 -4.1876394E-02
 -2.9060829E-02
 -1.6288340E-02
 -6.1113327E-03
 -5.2467443E-04
  1.0000000E-10
  1.0000000E-10
 -0.1502844    
 -0.4164807    
 -0.6837918    
 -0.9741072    
  -1.287616    
  -1.526987    
  -1.574654    
  -1.458244    
  -1.286511    
  -1.098892    
 -0.9158885    
 -0.7446627    
 -0.5866106    
 -0.4406897    
 -0.3052277    
 -0.1794533    
 -6.4000927E-02
  6.5067820E-02
  0.1753732    
  0.2725558    
  0.3597738    
  0.4347175    
  0.4946749    
  0.5360752    
  0.5536842    
  0.5467053    
  0.5173099    
  0.4688389    
  0.4064085    
  0.3338795    
  0.2552909    
  0.1741062    
  9.4949044E-02
  2.3357041E-02
 -1.4998873E-02
 -3.7420876E-02
 -4.9200591E-02
 -5.6904051E-02
 -6.2192909E-02
 -6.4979240E-02
 -6.3934788E-02
 -5.8454785E-02
 -4.9060386E-02
 -3.7065998E-02
 -2.4325104E-02
 -1.2881286E-02
 -4.5630909E-03
 -3.0391527E-04
  1.0000000E-10
  1.0000000E-10
 -0.2058814    
 -0.5230365    
 -0.8419663    
  -1.207878    
  -1.673675    
  -2.111259    
  -2.158658    
  -1.834804    
  -1.514876    
  -1.229667    
 -0.9866568    
 -0.7782786    
 -0.5963786    
 -0.4340341    
 -0.2858279    
 -0.1494597    
 -1.6340692E-02
  0.1228968    
  0.2198491    
  0.3029549    
  0.3726393    
  0.4272611    
  0.4639066    
  0.4787027    
  0.4685382    
  0.4353126    
  0.3829241    
  0.3168440    
  0.2431410    
  0.1678943    
  9.8417953E-02
  3.9229035E-02
 -5.1995192E-04
 -2.4870047E-02
 -3.7006266E-02
 -4.2301640E-02
 -4.4552706E-02
 -4.7488902E-02
 -5.0728299E-02
 -5.2700926E-02
 -5.1519003E-02
 -4.6446539E-02
 -3.8034286E-02
 -2.7733948E-02
 -1.7389722E-02
 -8.7211691E-03
 -2.8900162E-03
 -1.2566478E-04
  1.0000000E-10
  1.0000000E-10
 -0.3508059    
 -0.6422109    
 -0.9202073    
  -1.289403    
  -1.999922    
  -3.077443    
  -3.135597    
  -2.064659    
  -1.515956    
  -1.133602    
 -0.8511359    
 -0.6305063    
 -0.4521191    
 -0.3040902    
 -0.1791898    
 -7.2446123E-02
  2.7255571E-02
  0.1034023    
  0.1560365    
  0.1980369    
  0.2286335    
  0.2469197    
  0.2513708    
  0.2404653    
  0.2149657    
  0.1786485    
  0.1363346    
  9.3986675E-02
  5.6519963E-02
  2.5719175E-02
  4.2667990E-03
 -9.9755535E-03
 -1.7456215E-02
 -2.0977929E-02
 -2.1897478E-02
 -2.1074513E-02
 -2.0123150E-02
 -2.0647466E-02
 -2.2195244E-02
 -2.3694500E-02
 -2.3811752E-02
 -2.1797119E-02
 -1.7749930E-02
 -1.2497487E-02
 -7.2239381E-03
 -3.0332834E-03
 -5.8289972E-04
  2.5665463E-04
  1.0000000E-10
  1.0000000E-10
  1.0000000E-10
  1.0000000E-10
  1.0000000E-10
  1.0000000E-10
  1.0000000E-10
  1.0000000E-10
  1.0000000E-10
  1.0000000E-10
  1.0000000E-10
  1.0000000E-10
  1.0000000E-10
  1.0000000E-10
  1.0000000E-10
  1.0000000E-10
  1.0000000E-10
  1.0000000E-10
  1.0000000E-10
  1.0000000E-10
  1.0000000E-10
  1.0000000E-10
  1.0000000E-10
  1.0000000E-10
  1.0000000E-10
  1.0000000E-10
  1.0000000E-10
  1.0000000E-10
  1.0000000E-10
  1.0000000E-10
  1.0000000E-10
  1.0000000E-10
  1.0000000E-10
  1.0000000E-10
  1.0000000E-10
  1.0000000E-10
  1.0000000E-10
  1.0000000E-10
  1.0000000E-10
  1.0000000E-10
  1.0000000E-10
  1.0000000E-10
  1.0000000E-10
  1.0000000E-10
  1.0000000E-10
  1.0000000E-10
  1.0000000E-10
  1.0000000E-10
  1.0000000E-10
  1.0000000E-10
  1.0000000E-10
