  1.0000000E-10
  0.0000000E+00
  0.0000000E+00
  0.0000000E+00
  1.0000000E-10
  1.0000000E-10
  1.0000000E-10
  1.0000000E-10
  1.0000000E-10
  1.0000000E-10
  1.0000000E-10
  1.0000000E-10
  1.0000000E-10
  1.0000000E-10
  1.0000000E-10
  1.0000000E-10
  1.0000000E-10
  1.0000000E-10
  1.0000000E-10
  1.0000000E-10
  1.0000000E-10
  1.0000000E-10
  1.0000000E-10
  1.0000000E-10
  1.0000000E-10
  1.0000000E-10
  1.0000000E-10
  1.3758174E-02
  2.5253218E-02
  2.6119728E-02
  1.2705582E-02
 -1.1958050E-02
 -1.8438896E-02
 -6.4875945E-03
  5.3063962E-03
  1.3484159E-02
  2.0158745E-02
  2.4503935E-02
  2.4388198E-02
  1.5918426E-02
 -1.3362470E-03
 -5.4970849E-03
 -2.0015386E-03
 -9.4346044E-04
  6.8285048E-04
  1.7642120E-03
 -6.4323765E-05
 -2.0876243E-03
 -2.7671668E-03
 -1.6278322E-03
  4.3728203E-05
  1.0000000E-10
  1.0000000E-10
  2.9274086E-02
  4.5980424E-02
  2.5730986E-02
 -3.4893498E-02
 -9.7447850E-02
 -0.1030300    
 -8.4921010E-02
 -5.7552524E-02
 -2.6533529E-02
  2.2237184E-03
  2.5852887E-02
  4.2337567E-02
  4.6651665E-02
  3.8039882E-02
  1.9854959E-02
 -6.6800416E-04
 -2.3691268E-03
 -1.1644338E-03
 -3.6429719E-03
 -1.1110510E-02
 -1.7179277E-02
 -1.7331880E-02
 -1.1637351E-02
 -3.4560948E-03
  1.0000000E-10
  1.0000000E-10
  4.4744406E-02
  6.9922619E-02
  3.8999729E-02
 -9.4242610E-02
 -0.1548571    
 -0.1617576    
 -0.1376204    
 -9.7714208E-02
 -5.1241994E-02
 -4.1464367E-03
  3.6563419E-02
  6.6434935E-02
  7.9919316E-02
  7.9266220E-02
  6.9582231E-02
  5.1280506E-02
  1.9830456E-02
 -4.4823186E-03
 -1.3745014E-02
 -2.7439574E-02
 -3.8062617E-02
 -3.9750341E-02
 -2.9705228E-02
 -1.1138191E-02
  1.0000000E-10
  1.0000000E-10
  4.3564536E-02
  6.1693359E-02
 -3.9982133E-02
 -0.1679149    
 -0.2208480    
 -0.2231721    
 -0.1925701    
 -0.1426680    
 -8.3285727E-02
 -2.1790784E-02
  3.4961067E-02
  8.0723830E-02
  0.1064707    
  0.1137089    
  0.1079388    
  9.2752732E-02
  7.1215637E-02
  4.6678107E-02
  8.8007972E-03
 -2.5046855E-02
 -4.3791495E-02
 -5.2038282E-02
 -4.5257404E-02
 -2.0764265E-02
  1.0000000E-10
  1.0000000E-10
  4.3515678E-02
  5.0277881E-02
 -0.1469836    
 -0.2506014    
 -0.2879850    
 -0.2794067    
 -0.2396165    
 -0.1798033    
 -0.1089645    
 -3.5429940E-02
  3.4216650E-02
  9.2917167E-02
  0.1292928    
  0.1436910    
  0.1422095    
  0.1291340    
  0.1076017    
  8.1718571E-02
  5.3742174E-02
  2.4473621E-02
 -1.4263924E-02
 -4.1129474E-02
 -4.4806022E-02
 -2.4542982E-02
  1.0000000E-10
  1.0000000E-10
  2.3365896E-02
 -8.5807957E-02
 -0.2601809    
 -0.3363742    
 -0.3528172    
 -0.3292356    
 -0.2785800    
 -0.2093539    
 -0.1286588    
 -4.5311183E-02
  3.3933833E-02
  0.1032214    
  0.1483899    
  0.1686677    
  0.1709146    
  0.1597652    
  0.1389368    
  0.1126865    
  8.4104717E-02
  5.6407541E-02
  3.0306472E-02
 -1.2009526E-03
 -1.8771453E-02
 -1.3884145E-02
  1.0000000E-10
  1.0000000E-10
 -1.1049809E-02
 -0.2189406    
 -0.3698140    
 -0.4165102    
 -0.4091845    
 -0.3687370    
 -0.3067660    
 -0.2289426    
 -0.1400649    
 -4.9052831E-02
  3.7862763E-02
  0.1141261    
  0.1646423    
  0.1884514    
  0.1930025    
  0.1832785    
  0.1636194    
  0.1384526    
  0.1113698    
  8.5520297E-02
  6.0911994E-02
  3.7871737E-02
  1.8654767E-02
  4.7345823E-03
  1.0000000E-10
  1.0000000E-10
 -9.6045829E-02
 -0.3506267    
 -0.4665850    
 -0.4800885    
 -0.4494829    
 -0.3935325    
 -0.3218999    
 -0.2372317    
 -0.1425097    
 -5.3039737E-02
  4.1059751E-02
  0.1269920    
  0.1795624    
  0.2029706    
  0.2067130    
  0.1963145    
  0.1767853    
  0.1526751    
  0.1266085    
  0.1027417    
  8.0994494E-02
  6.0533848E-02
  3.9696123E-02
  1.5508637E-02
  1.0000000E-10
  1.0000000E-10
 -0.2056041    
 -0.4606417    
 -0.5305776    
 -0.5113113    
 -0.4625857    
 -0.3962286    
 -0.3197651    
 -0.2307276    
 -0.1233962    
  2.6170451E-02
  8.6802013E-02
  0.1481602    
  0.1903459    
  0.2083475    
  0.2079279    
  0.1951137    
  0.1751061    
  0.1515508    
  0.1278294    
  0.1070604    
  8.7772585E-02
  6.8207666E-02
  4.6070583E-02
  1.8686404E-02
  1.0000000E-10
  1.0000000E-10
 -0.2907369    
 -0.5120904    
 -0.5289891    
 -0.4822192    
 -0.4228704    
 -0.3516149    
 -0.2769323    
 -0.1953230    
 -0.1050728    
 -3.2583764E-03
  8.4518172E-02
  0.1404413    
  0.1715165    
  0.1767945    
  0.1647495    
  0.1435761    
  0.1191897    
  9.5329896E-02
  7.4265212E-02
  5.6591012E-02
  4.1729327E-02
  2.9454418E-02
  1.7666267E-02
  5.7539474E-03
  1.0000000E-10
  1.0000000E-10
 -0.2980016    
 -0.4592054    
 -0.4236410    
 -0.3559219    
 -0.2914319    
 -0.2192826    
 -0.1374222    
 -4.8333246E-02
  3.5386909E-02
  0.1026197    
  0.1560857    
  0.1936597    
  0.2103137    
  0.2050987    
  0.1866547    
  0.1625267    
  0.1371469    
  0.1127219    
  9.0221882E-02
  6.9962882E-02
  5.1952776E-02
  3.6067128E-02
  2.2127096E-02
  9.9658128E-03
  1.0000000E-10
  1.0000000E-10
 -0.2095468    
 -0.2872892    
 -0.1962242    
 -0.1044848    
 -3.1939298E-02
  2.9596211E-02
  8.3874948E-02
  0.1326645    
  0.1809665    
  0.2305283    
  0.2755844    
  0.3088672    
  0.3234515    
  0.3155880    
  0.2913905    
  0.2578993    
  0.2204613    
  0.1828291    
  0.1474262    
  0.1152858    
  8.6576328E-02
  6.1004329E-02
  3.8076777E-02
  1.7425943E-02
  1.0000000E-10
  1.0000000E-10
  8.9908883E-02
  0.2067424    
  0.2153799    
  0.2204973    
  0.2392206    
  0.2640384    
  0.2920225    
  0.3216368    
  0.3513961    
  0.3789472    
  0.4004351    
  0.4100894    
  0.4003488    
  0.3683691    
  0.3237147    
  0.2751818    
  0.2286762    
  0.1865806    
  0.1490991    
  0.1161634    
  8.7278165E-02
  6.1733168E-02
  3.8799319E-02
  1.7939648E-02
  1.0000000E-10
  1.0000000E-10
  0.2654116    
  0.4354572    
  0.4510645    
  0.4574569    
  0.4677126    
  0.4792250    
  0.4907171    
  0.5012489    
  0.5097496    
  0.5145255    
  0.5128241    
  0.5001758    
  0.4692960    
  0.4180824    
  0.3566903    
  0.2917018    
  0.2259737    
  0.1592978    
  0.1097807    
  7.9872444E-02
  6.7717530E-02
  7.2749481E-02
  8.9372344E-02
  8.3671592E-02
  1.0000000E-10
  1.0000000E-10
  0.4104539    
  0.6428682    
  0.6629644    
  0.6622012    
  0.6604991    
  0.6564073    
  0.6492010    
  0.6383161    
  0.6229699    
  0.6016548    
  0.5713314    
  0.5256704    
  0.4511487    
  0.3393628    
  0.2002892    
  4.2774640E-02
 -0.1082074    
 -0.1866501    
 -0.2322588    
 -0.2629488    
 -0.2747899    
 -0.2558181    
 -0.1978753    
 -9.0231329E-02
  1.0000000E-10
  1.0000000E-10
  0.5256328    
  0.8150275    
  0.8346170    
  0.8247413    
  0.8097861    
  0.7887822    
  0.7616051    
  0.7285559    
  0.6898274    
  0.6446900    
  0.5902409    
  0.5190269    
  0.4136599    
  0.2641370    
  8.9329422E-02
 -6.9985211E-02
 -0.1494104    
 -0.2091340    
 -0.2555123    
 -0.2864959    
 -0.2958633    
 -0.2684709    
 -0.1869381    
 -5.6767054E-02
  1.0000000E-10
  1.0000000E-10
  0.6414258    
  0.9761463    
  0.9852762    
  0.9620540    
  0.9290178    
  0.8862196    
  0.8350139    
  0.7775013    
  0.7156180    
  0.6498497    
  0.5775240    
  0.4902557    
  0.3682402    
  0.2027356    
  2.0068530E-02
 -0.1091264    
 -0.1870901    
 -0.2475003    
 -0.2915812    
 -0.3209594    
 -0.3334559    
 -0.3201429    
 -0.2561032    
 -0.1103334    
  1.0000000E-10
  1.0000000E-10
  0.7942173    
   1.150983    
   1.137352    
   1.092111    
   1.031149    
  0.9573192    
  0.8751912    
  0.7898040    
  0.7051969    
  0.6227667    
  0.5393524    
  0.4452093    
  0.3215842    
  0.1674255    
 -2.6766839E-02
 -0.1190356    
 -0.1940374    
 -0.2491397    
 -0.2875276    
 -0.3121536    
 -0.3240738    
 -0.3199502    
 -0.2756293    
 -0.1402890    
  1.0000000E-10
  1.0000000E-10
   1.022092    
   1.358192    
   1.311721    
   1.227558    
   1.121554    
   1.003003    
  0.8818339    
  0.7663110    
  0.6615846    
  0.5684779    
  0.4817773    
  0.3880975    
  0.2586485    
  9.8413184E-02
 -2.8726319E-02
 -0.1195324    
 -0.1862115    
 -0.2328609    
 -0.2622178    
 -0.2783253    
 -0.2843802    
 -0.2812059    
 -0.2512473    
 -0.1403738    
  1.0000000E-10
  1.0000000E-10
   1.352992    
   1.633079    
   1.529894    
   1.373709    
   1.195003    
   1.014722    
  0.8485127    
  0.7049618    
  0.5868396    
  0.4916878    
  0.4100114    
  0.3162958    
  0.1850750    
  5.5602353E-02
 -4.8038229E-02
 -0.1220639    
 -0.1745077    
 -0.2078836    
 -0.2246721    
 -0.2292169    
 -0.2248669    
 -0.2146340    
 -0.1898379    
 -0.1066550    
  1.0000000E-10
  1.0000000E-10
   1.838823    
   2.029951    
   1.819144    
   1.521919    
   1.230853    
  0.9744351    
  0.7656612    
  0.6041364    
  0.4843646    
  0.3981890    
  0.3289557    
  0.2304827    
  0.1205071    
  2.1435384E-02
 -5.7900511E-02
 -0.1156632    
 -0.1543944    
 -0.1743020    
 -0.1780429    
 -0.1712568    
 -0.1566998    
 -0.1366144    
 -0.1091917    
 -4.9713917E-02
  1.0000000E-10
  1.0000000E-10
   2.520464    
   2.592258    
   2.213160    
   1.636403    
   1.186580    
  0.8533233    
  0.6206804    
  0.4619312    
  0.3570372    
  0.2918037    
  0.2344573    
  0.1443550    
  6.2866569E-02
 -7.8928936E-03
 -6.3018121E-02
 -0.1023938    
 -0.1267467    
 -0.1338828    
 -0.1260012    
 -0.1110865    
 -9.1297738E-02
 -6.5364033E-02
 -2.0464601E-02
  1.4776614E-02
  1.0000000E-10
  1.0000000E-10
   3.573329    
   3.593194    
   3.000229    
   1.569286    
  0.9673721    
  0.6217334    
  0.4196951    
  0.2974486    
  0.2247424    
  0.1865719    
  0.1397189    
  7.7864371E-02
  2.8241342E-02
 -1.1545798E-02
 -4.3930657E-02
 -6.7694306E-02
 -8.2424991E-02
 -8.3697669E-02
 -7.0586808E-02
 -4.8241436E-02
 -1.5371079E-02
  2.6751086E-02
  4.2524658E-02
  3.2159805E-02
  1.0000000E-10
  1.0000000E-10
   4.398718    
   4.124792    
   2.918598    
   1.176277    
  0.5646009    
  0.2801834    
  0.1506438    
  8.5144408E-02
  5.1094875E-02
  3.4659479E-02
  1.0227910E-02
 -1.4460520E-02
 -2.4237335E-02
 -3.4050643E-02
 -4.2352472E-02
 -4.5754101E-02
 -4.5823600E-02
 -3.0456642E-02
  9.3823737E-03
  2.7713701E-02
  2.7071744E-02
  2.2844207E-02
  2.0233288E-02
  1.2502452E-02
  1.0000000E-10
  1.0000000E-10
   5.525876    
   5.525876    
   5.525876    
  1.0000000E-10
  1.0000000E-10
  1.0000000E-10
  1.0000000E-10
  1.0000000E-10
  1.0000000E-10
  1.0000000E-10
  1.0000000E-10
  1.0000000E-10
  1.0000000E-10
  1.0000000E-10
  1.0000000E-10
  1.0000000E-10
  1.0000000E-10
  1.0000000E-10
  1.0000000E-10
  1.0000000E-10
  1.0000000E-10
  1.0000000E-10
  1.0000000E-10
  1.0000000E-10
  1.0000000E-10
