  1.0000000E-10
  1.0000000E-10
  1.0000000E-10
  1.0000000E-10
  1.0000000E-10
  1.0000000E-10
  1.0000000E-10
  1.0000000E-10
  1.0000000E-10
  1.0000000E-10
  1.0000000E-10
  1.0000000E-10
  1.0000000E-10
  1.0000000E-10
  1.0000000E-10
  1.0000000E-10
  1.0000000E-10
  1.0000000E-10
  1.0000000E-10
  1.0000000E-10
  1.0000000E-10
  1.0000000E-10
  1.0000000E-10
  1.0000000E-10
  1.0000000E-10
  1.0000000E-10
  1.0000000E-10
 -3.7094762E-03
 -2.7062882E-02
 -5.9140645E-02
 -6.0627505E-02
 -1.8984823E-02
  5.7763938E-02
  0.1286282    
  0.1877781    
  0.2248850    
  0.2289736    
  0.1953987    
  0.1257309    
  3.6471169E-02
 -2.1985039E-02
 -3.3127110E-02
 -3.7116058E-02
 -3.1467158E-02
 -3.2365091E-02
 -3.0956093E-02
 -2.7226843E-02
 -1.8939110E-02
 -9.7362697E-03
 -2.8356425E-03
  1.2237765E-04
  1.0000000E-10
  1.0000000E-10
 -2.1364440E-03
 -2.4157293E-02
 -4.9561094E-02
 -1.8907448E-02
  5.1068604E-02
  0.1207555    
  0.1973203    
  0.2716234    
  0.3292303    
  0.3596961    
  0.3537481    
  0.3070367    
  0.2252284    
  0.1336964    
  2.5351999E-02
 -5.2451126E-02
 -5.0748210E-02
 -5.6645833E-02
 -5.2626446E-02
 -4.5793533E-02
 -3.2322910E-02
 -1.8489448E-02
 -6.8945680E-03
 -7.1513554E-04
  1.0000000E-10
  1.0000000E-10
  6.8316294E-04
 -9.7130984E-03
 -1.4177488E-02
  5.0300520E-02
  0.1032718    
  0.1611980    
  0.2243454    
  0.2862129    
  0.3391924    
  0.3755687    
  0.3865446    
  0.3625537    
  0.3048378    
  0.2315594    
  0.1514565    
  8.1160299E-02
  4.8407074E-03
 -4.1328494E-02
 -4.0523119E-02
 -3.8579799E-02
 -2.9589796E-02
 -1.9604398E-02
 -8.9770658E-03
 -1.7104067E-03
  1.0000000E-10
  1.0000000E-10
  7.1605551E-04
 -1.8446692E-03
  3.2848153E-02
  9.1952525E-02
  0.1413005    
  0.1911030    
  0.2415007    
  0.2898487    
  0.3314561    
  0.3621781    
  0.3752377    
  0.3626480    
  0.3224948    
  0.2670453    
  0.2066208    
  0.1513240    
  0.1001716    
  5.9118375E-02
  1.7844958E-02
 -3.7065190E-03
 -1.0790111E-02
 -1.0898694E-02
 -6.9005797E-03
 -2.3880727E-03
  1.0000000E-10
  1.0000000E-10
  2.3013765E-04
  8.7176235E-03
  6.8177789E-02
  0.1179197    
  0.1630855    
  0.2044457    
  0.2428161    
  0.2779553    
  0.3075478    
  0.3290030    
  0.3389093    
  0.3304244    
  0.3013366    
  0.2599280    
  0.2151654    
  0.1737728    
  0.1364533    
  0.1046889    
  7.7956766E-02
  5.4190092E-02
  2.6655942E-02
  8.9397784E-03
  1.5751250E-03
 -8.2391326E-04
  1.0000000E-10
  1.0000000E-10
 -1.3267110E-03
  3.0343385E-02
  8.4908120E-02
  0.1278569    
  0.1652386    
  0.1968103    
  0.2236656    
  0.2464464    
  0.2642466    
  0.2759266    
  0.2798392    
  0.2715910    
  0.2491858    
  0.2182394    
  0.1859517    
  0.1564952    
  0.1299322    
  0.1063180    
  8.5221797E-02
  6.5917529E-02
  4.8002999E-02
  2.6854018E-02
  1.0064860E-02
  1.0051352E-03
  1.0000000E-10
  1.0000000E-10
  5.6085289E-03
  4.1233446E-02
  8.5597232E-02
  0.1196864    
  0.1466114    
  0.1670929    
  0.1824961    
  0.1934282    
  0.1999851    
  0.2018742    
  0.1960434    
  0.1861294    
  0.1681494    
  0.1455634    
  0.1242294    
  0.1061091    
  8.9986168E-02
  7.5153172E-02
  6.1201327E-02
  4.7969017E-02
  3.5120536E-02
  2.1233952E-02
  9.0165641E-03
  1.2167398E-03
  1.0000000E-10
  1.0000000E-10
  1.5405093E-02
  4.4163305E-02
  7.5863518E-02
  9.6733421E-02
  0.1098727    
  0.1172961    
  0.1199493    
  0.1176186    
  0.1132977    
  0.1099740    
  8.0819890E-02
  6.9974512E-02
  5.8811452E-02
  4.5845270E-02
  3.7115425E-02
  3.2364532E-02
  2.8716160E-02
  2.5213862E-02
  2.1338230E-02
  1.7324960E-02
  1.2850991E-02
  7.6519232E-03
  3.0542363E-03
  3.3637302E-04
  1.0000000E-10
  1.0000000E-10
  1.9357288E-02
  3.6121190E-02
  5.2882351E-02
  5.7964541E-02
  5.5578329E-02
  4.8478778E-02
  3.6091905E-02
  1.6884765E-02
  2.2918491E-03
 -3.7039153E-02
 -6.0838312E-02
 -6.2884308E-02
 -6.7251116E-02
 -6.7450285E-02
 -6.0614422E-02
 -4.9609184E-02
 -3.8302574E-02
 -2.7892713E-02
 -1.9548938E-02
 -1.3059049E-02
 -8.1567476E-03
 -4.4758935E-03
 -1.7109626E-03
 -2.0705820E-04
  1.0000000E-10
  1.0000000E-10
  1.6626419E-02
  1.6750552E-02
  1.4782139E-02
  7.3134591E-04
 -2.0579683E-02
 -4.6661604E-02
 -7.6716192E-02
 -0.1077575    
 -0.1248563    
 -0.1417270    
 -0.1695923    
 -0.1830256    
 -0.1858562    
 -0.1752443    
 -0.1540174    
 -0.1276560    
 -0.1010651    
 -7.6668911E-02
 -5.5843465E-02
 -3.8245369E-02
 -2.3925794E-02
 -1.2292606E-02
 -4.0809424E-03
 -6.5970542E-03
  1.0000000E-10
  1.0000000E-10
  1.1341696E-02
 -1.2650106E-02
 -4.0219411E-02
 -8.1933871E-02
 -0.1341416    
 -0.1950146    
 -0.2645076    
 -0.3436172    
 -0.4238144    
 -0.4887466    
 -0.5454655    
 -0.6065713    
 -0.6730505    
 -0.7394856    
 -0.7977681    
 -0.8475798    
 -0.8887541    
 -0.9215975    
 -0.9468937    
 -0.9657076    
 -0.9792511    
 -0.9886958    
 -0.9950142    
 -0.9983935    
  -1.000000    
  1.0000000E-10
  4.1741976E-03
 -6.0800921E-02
 -0.1270927    
 -0.1949401    
 -0.2668401    
 -0.3416374    
 -0.4174345    
 -0.4912927    
 -0.5642460    
 -0.6386562    
 -0.7131018    
 -0.7847865    
 -0.8501379    
 -0.9018432    
 -0.9375054    
 -0.9615387    
 -0.9772036    
 -0.9871094    
 -0.9931743    
 -0.9967735    
 -0.9988265    
 -0.9998924    
  -1.000266    
  -1.000192    
  -1.000000    
  1.0000000E-10
  2.4418873E-03
 -7.3285647E-02
 -0.1382593    
 -0.2035421    
 -0.2706210    
 -0.3404239    
 -0.4138085    
 -0.4907342    
 -0.5702771    
 -0.6509380    
 -0.7307191    
 -0.8055028    
 -0.8702859    
 -0.9177704    
 -0.9482099    
 -0.9668684    
 -0.9768811    
 -0.9805059    
 -0.9803860    
 -0.9794261    
 -0.9797958    
 -0.9831529    
 -0.9895674    
 -0.9957536    
  -1.000000    
  1.0000000E-10
 -4.1153186E-04
 -5.0959416E-02
 -0.1003950    
 -0.1562847    
 -0.2182182    
 -0.2842257    
 -0.3532403    
 -0.4237188    
 -0.4936280    
 -0.5604937    
 -0.6211098    
 -0.6690028    
 -0.6945055    
 -0.6879479    
 -0.6511263    
 -0.5875137    
 -0.5025511    
 -0.4039611    
 -0.3131526    
 -0.2317075    
 -0.1593557    
 -9.9679470E-02
 -5.6886990E-02
 -1.9329706E-02
  1.0000000E-10
  1.0000000E-10
 -1.3610158E-03
 -4.2605516E-02
 -8.7313741E-02
 -0.1369916    
 -0.1916350    
 -0.2490871    
 -0.3077284    
 -0.3651654    
 -0.4185663    
 -0.4649214    
 -0.5010517    
 -0.5210649    
 -0.5147671    
 -0.4734185    
 -0.4023505    
 -0.3076068    
 -0.2066885    
 -0.1507649    
 -0.1038762    
 -6.3677028E-02
 -2.9984033E-02
 -6.3250614E-03
  7.4861855E-03
  9.0956679E-03
  1.0000000E-10
  1.0000000E-10
 -4.7905417E-03
 -4.5024715E-02
 -9.0481758E-02
 -0.1383465    
 -0.1890153    
 -0.2395304    
 -0.2875272    
 -0.3300069    
 -0.3639426    
 -0.3866604    
 -0.3963024    
 -0.3899187    
 -0.3607301    
 -0.3048467    
 -0.2318207    
 -0.1563719    
 -0.1377766    
 -0.1117831    
 -8.9087129E-02
 -6.8488263E-02
 -5.0680425E-02
 -3.3548329E-02
 -1.7209435E-02
 -3.9889012E-03
  1.0000000E-10
  1.0000000E-10
 -1.2592420E-02
 -5.9307668E-02
 -0.1107478    
 -0.1619093    
 -0.2125868    
 -0.2583046    
 -0.2956688    
 -0.3213156    
 -0.3327842    
 -0.3288273    
 -0.3099897    
 -0.2773554    
 -0.2290141    
 -0.1683064    
 -0.1039000    
 -6.7594208E-02
 -6.1950199E-02
 -4.8778087E-02
 -4.1244406E-02
 -3.6516167E-02
 -3.3041634E-02
 -2.7790932E-02
 -1.8368445E-02
 -7.8612426E-03
  1.0000000E-10
  1.0000000E-10
 -2.8435811E-02
 -9.0064473E-02
 -0.1548188    
 -0.2159207    
 -0.2701923    
 -0.3113686    
 -0.3353820    
 -0.3395871    
 -0.3235483    
 -0.2889086    
 -0.2395635    
 -0.1805217    
 -0.1113772    
 -4.6291724E-02
  7.9259418E-02
  4.4159733E-02
  3.8665183E-02
  3.6565837E-02
  2.9439382E-02
  1.8914392E-02
  7.4175433E-03
 -2.2703637E-03
 -7.3243123E-03
 -7.9386169E-03
  1.0000000E-10
  1.0000000E-10
 -5.5831857E-02
 -0.1440985    
 -0.2356551    
 -0.3146265    
 -0.3739488    
 -0.4063011    
 -0.4090575    
 -0.3829387    
 -0.3318070    
 -0.2617283    
 -0.1804968    
 -9.5939413E-02
  4.3042847E-03
  9.6683361E-02
  0.1556346    
  0.1523674    
  0.1426849    
  0.1295007    
  0.1101678    
  8.6200975E-02
  6.0037632E-02
  3.4210425E-02
  1.1536779E-02
 -4.5987377E-03
  1.0000000E-10
  1.0000000E-10
 -9.8302819E-02
 -0.2378935    
 -0.3777371    
 -0.4819937    
 -0.5408340    
 -0.5508080    
 -0.5163979    
 -0.4461709    
 -0.3505260    
 -0.2404371    
 -0.1273751    
 -1.1113653E-02
  0.1223372    
  0.2161826    
  0.2590899    
  0.2571302    
  0.2411858    
  0.2178210    
  0.1872354    
  0.1513281    
  0.1123727    
  7.4230149E-02
  3.4354344E-02
  4.8534587E-04
  1.0000000E-10
  1.0000000E-10
 -0.1646148    
 -0.4024951    
 -0.6254635    
 -0.7574723    
 -0.7926078    
 -0.7499149    
 -0.6519035    
 -0.5199914    
 -0.3708908    
 -0.2183995    
 -7.6413117E-02
  9.0099916E-02
  0.2308729    
  0.3222438    
  0.3546566    
  0.3462786    
  0.3203337    
  0.2852003    
  0.2433608    
  0.1971999    
  0.1491768    
  0.1027631    
  5.3934801E-02
  4.6018451E-03
  1.0000000E-10
  1.0000000E-10
 -0.2589081    
 -0.6907679    
  -1.063681    
  -1.210129    
  -1.152117    
 -0.9996636    
 -0.8016563    
 -0.5911171    
 -0.3835805    
 -0.1897367    
 -7.0478111E-03
  0.1929937    
  0.3327600    
  0.4147559    
  0.4319983    
  0.4070892    
  0.3628824    
  0.3105544    
  0.2552966    
  0.1988276    
  0.1441821    
  9.6705146E-02
  4.4248797E-02
 -9.1175287E-04
  1.0000000E-10
  1.0000000E-10
 -0.3815953    
  -1.123079    
  -1.796899    
  -1.963475    
  -1.638536    
  -1.280541    
 -0.9403119    
 -0.6422156    
 -0.3805940    
 -0.1566685    
  0.1034119    
  0.2969608    
  0.4289357    
  0.4801165    
  0.4650320    
  0.4070724    
  0.3318459    
  0.2537268    
  0.1854575    
  0.1164226    
  3.9379474E-02
 -9.8638507E-03
 -1.1166647E-02
 -9.0906620E-03
  1.0000000E-10
  1.0000000E-10
 -0.2878082    
  -1.580176    
  -3.263947    
  -3.543768    
  -2.118560    
  -1.434789    
 -0.9546931    
 -0.5999894    
 -0.3161659    
 -7.7411033E-02
  0.1873930    
  0.3174155    
  0.3820648    
  0.3756489    
  0.3115204    
  0.2166794    
  0.1158702    
  5.4297480E-03
 -5.4195553E-02
 -5.6197267E-02
 -5.5851635E-02
 -4.1376404E-02
 -2.0663338E-02
 -7.1699815E-03
  1.0000000E-10
  1.0000000E-10
  1.0000000E-10
  1.0000000E-10
  1.0000000E-10
  1.0000000E-10
  1.0000000E-10
  1.0000000E-10
  1.0000000E-10
  1.0000000E-10
  1.0000000E-10
  1.0000000E-10
  1.0000000E-10
  1.0000000E-10
  1.0000000E-10
  1.0000000E-10
  1.0000000E-10
  1.0000000E-10
  1.0000000E-10
  1.0000000E-10
  1.0000000E-10
  1.0000000E-10
  1.0000000E-10
  1.0000000E-10
  1.0000000E-10
  1.0000000E-10
  1.0000000E-10
