  0.0000000E+00
  1.0000000E-10
  1.0000000E-10
  1.0000000E-10
  1.0000000E-10
  1.0000000E-10
  1.0000000E-10
  1.0000000E-10
  1.0000000E-10
  1.0000000E-10
  1.0000000E-10
  1.0000000E-10
  1.0000000E-10
  1.0000000E-10
  1.0000000E-10
  1.0000000E-10
  1.0000000E-10
  1.0000000E-10
  1.0000000E-10
  1.0000000E-10
  1.0000000E-10
   1.000000    
   1.000000    
   1.000000    
   1.000000    
   1.000000    
  0.0000000E+00
  1.0000000E-10
 -3.1174077E-06
  5.7949583E-06
  2.0297246E-05
  3.1310192E-05
  3.4620723E-05
  2.6730255E-05
  4.4966484E-07
 -5.6332628E-05
 -1.3513642E-04
 -1.5763467E-04
 -7.6181946E-05
  2.3041308E-05
  7.4745563E-05
  7.9208636E-05
  5.5908677E-05
  1.7242062E-05
 -7.3086929E-05
 -4.0491216E-04
 -1.9865355E-03
  8.7111657E-03
  0.9960400    
   1.001321    
   1.006110    
   1.031855    
  0.9200664    
  1.0000000E-10
  1.0000000E-10
  1.0088951E-05
  9.4068164E-05
  2.1752871E-04
  3.1990313E-04
  3.4934838E-04
  2.5668077E-04
 -3.7879887E-05
 -6.4852746E-04
 -1.4666402E-03
 -1.6984233E-03
 -8.5613213E-04
  1.9415349E-04
  7.8340195E-04
  8.7496522E-04
  6.4321968E-04
  2.1279947E-04
 -7.7048328E-04
 -3.9617070E-03
 -1.3714653E-02
  5.1082663E-02
  0.9853916    
   1.011748    
   1.045138    
   1.100770    
  0.6975017    
  1.0000000E-10
  1.0000000E-10
  1.0012824E-04
  3.9822419E-04
  7.6725881E-04
  1.0737691E-03
  1.1464900E-03
  7.8886782E-04
 -2.8672212E-04
 -2.4311082E-03
 -5.2125123E-03
 -5.9869331E-03
 -3.1232282E-03
  4.8411096E-04
  2.6600566E-03
  3.1494116E-03
  2.4183115E-03
  8.7442936E-04
 -2.5257200E-03
 -1.2124402E-02
 -2.8969355E-02
  0.1244839    
  0.9762951    
   1.035573    
   1.098942    
   1.073368    
  0.4845052    
  1.0000000E-10
  1.0000000E-10
  3.2029179E-04
  1.0635918E-03
  1.8544014E-03
  2.4645557E-03
  2.5258055E-03
  1.5355962E-03
 -1.2102490E-03
 -6.4212359E-03
 -1.2910908E-02
 -1.4553878E-02
 -7.8635607E-03
  5.4486108E-04
  6.0850582E-03
  7.7988007E-03
  6.3797827E-03
  2.6211208E-03
 -5.2768402E-03
 -2.3969676E-02
 -3.6085404E-02
  0.2219577    
  0.9753696    
   1.066212    
   1.121475    
  0.9499756    
  0.3445044    
  1.0000000E-10
  1.0000000E-10
  6.8024290E-04
  2.1330891E-03
  3.5308553E-03
  4.4732168E-03
  4.2838408E-03
  1.9544950E-03
 -3.8831118E-03
 -1.4310181E-02
 -2.6607454E-02
 -2.8685009E-02
 -1.6083468E-02
 -4.0427642E-04
  1.0955145E-02
  1.5571567E-02
  1.3825514E-02
  6.7621721E-03
 -7.7283215E-03
 -3.5750113E-02
 -2.5079876E-02
  0.3320156    
  0.9828240    
   1.089735    
   1.087878    
  0.7909331    
  0.2540411    
  1.0000000E-10
  1.0000000E-10
  1.1023425E-03
  3.3792835E-03
  5.4155341E-03
  6.5036588E-03
  5.4659788E-03
  5.3118949E-04
 -1.0562381E-02
 -2.9030874E-02
 -4.8719924E-02
 -4.8556007E-02
 -2.8075343E-02
 -3.2051359E-03
  1.6388658E-02
  2.6360754E-02
  2.5773600E-02
  1.5350301E-02
 -6.3216537E-03
 -4.0634673E-02
  1.2625745E-02
  0.4462587    
  0.9946603    
   1.090224    
  0.9987471    
  0.6368111    
  0.1913474    
  1.0000000E-10
  1.0000000E-10
  1.4072314E-03
  4.2221732E-03
  6.4752558E-03
  6.9901682E-03
  3.8082257E-03
 -5.9654233E-03
 -2.5636027E-02
 -5.5565856E-02
 -8.0327883E-02
 -7.2690517E-02
 -4.2676948E-02
 -7.8005744E-03
  2.1314014E-02
  3.8875796E-02
  4.2086229E-02
  3.0563101E-02
  4.4362932E-03
 -2.8972659E-02
  8.0699831E-02
  0.5519875    
   1.003353    
   1.056308    
  0.8744978    
  0.5058571    
  0.1464253    
  1.0000000E-10
  1.0000000E-10
  1.3931755E-03
  3.9197109E-03
  5.1973234E-03
  3.3487333E-03
 -4.7548460E-03
 -2.3580125E-02
 -5.7123993E-02
 -9.9884160E-02
 -0.1180997    
 -9.8260619E-02
 -5.7657890E-02
 -1.3086428E-02
  2.5424335E-02
  5.1598080E-02
  6.1387539E-02
  5.3427719E-02
  2.9337548E-02
  6.7855441E-03
  0.1717475    
  0.6425346    
  0.9997493    
  0.9878190    
  0.7429359    
  0.4034798    
  0.1145669    
  1.0000000E-10
  1.0000000E-10
  8.3678553E-04
  1.5324072E-03
 -5.9944432E-04
 -8.6074909E-03
 -2.7371120E-02
 -6.2955208E-02
 -0.1128078    
 -0.1535223    
 -0.1545008    
 -0.1208071    
 -7.0564829E-02
 -1.7794074E-02
  2.8914347E-02
  6.3633271E-02
  8.2188793E-02
  8.2890145E-02
  6.8077073E-02
  6.6703133E-02
  0.2743809    
  0.7138618    
  0.9773921    
  0.8968491    
  0.6254529    
  0.3280560    
  9.2512563E-02
  1.0000000E-10
  1.0000000E-10
 -9.4820285E-04
 -5.3916117E-03
 -1.5812794E-02
 -3.7005521E-02
 -7.4902877E-02
 -0.1287731    
 -0.1816399    
 -0.2045609    
 -0.1836189    
 -0.1354717    
 -7.7770375E-02
 -2.0247176E-02
  3.2184061E-02
  7.4870497E-02
  0.1032530    
  0.1153366    
  0.1142621    
  0.1420014    
  0.3758236    
  0.7646906    
  0.9352811    
  0.7981584    
  0.5285136    
  0.2724987    
  7.6753631E-02
  1.0000000E-10
  1.0000000E-10
 -5.2758320E-03
 -2.1007558E-02
 -4.7292762E-02
 -8.9015089E-02
 -0.1466459    
 -0.2079269    
 -0.2466241    
 -0.2411920    
 -0.1976850    
 -0.1380376    
 -7.7157378E-02
 -1.9376095E-02
  3.5516754E-02
  8.4616303E-02
  0.1221742    
  0.1453872    
  0.1580216    
  0.2178660    
  0.4710531    
  0.7948875    
  0.8733277    
  0.6960070    
  0.4433298    
  0.2252776    
  6.3108318E-02
  1.0000000E-10
  1.0000000E-10
 -1.2981141E-02
 -4.7160674E-02
 -9.5393524E-02
 -0.1585171    
 -0.2276020    
 -0.2792165    
 -0.2889010    
 -0.2540776    
 -0.1937476    
 -0.1290292    
 -7.0189521E-02
 -1.5749434E-02
  3.8622122E-02
  9.1483846E-02
  0.1355454    
  0.1667051    
  0.1931066    
  0.2945171    
  0.5584757    
  0.7988217    
  0.7841011    
  0.5805100    
  0.3532761    
  0.1742645    
  4.7738560E-02
  1.0000000E-10
  1.0000000E-10
 -2.3322929E-02
 -8.0226623E-02
 -0.1509390    
 -0.2288003    
 -0.2941917    
 -0.3207768    
 -0.2986196    
 -0.2430798    
 -0.1762981    
 -0.1134638    
 -5.9704676E-02
 -9.9449856E-03
  4.1775104E-02
  9.4276726E-02
  0.1403214    
  0.1764013    
  0.2277855    
  0.3823195    
  0.6273798    
  0.7575520    
  0.6525086    
  0.4386196    
  0.2472590    
  0.1140774    
  2.9448651E-02
  1.0000000E-10
  1.0000000E-10
 -3.4146912E-02
 -0.1125191    
 -0.1993441    
 -0.2789288    
 -0.3257979    
 -0.3225416    
 -0.2782586    
 -0.2159638    
 -0.1519362    
 -9.4636247E-02
 -4.6496488E-02
 -2.6572889E-03
  4.3167148E-02
  9.1013029E-02
  0.1367486    
  0.1871354    
  0.2890088    
  0.4709235    
  0.6414056    
  0.6474353    
  0.4733804    
  0.2748886    
  0.1337578    
  5.2583441E-02
  1.1417514E-02
  1.0000000E-10
  1.0000000E-10
 -4.2518988E-02
 -0.1345371    
 -0.2248813    
 -0.2913732    
 -0.3117353    
 -0.2852158    
 -0.2336226    
 -0.1765791    
 -0.1229905    
 -7.5861782E-02
 -3.5305787E-02
  1.6815320E-03
  4.0781789E-02
  8.5355267E-02
  0.1409651    
  0.2262523    
  0.3597628    
  0.5080734    
  0.5764415    
  0.4716128    
  0.2723671    
  0.1203604    
  3.8538441E-02
  5.8694677E-03
 -1.2588415E-03
  1.0000000E-10
  1.0000000E-10
 -4.4359054E-02
 -0.1345295    
 -0.2115698    
 -0.2532421    
 -0.2483308    
 -0.2111304    
 -0.1657264    
 -0.1253312    
 -8.9398056E-02
 -5.7536602E-02
 -2.8443187E-02
  2.0174391E-03
  3.8903881E-02
  8.8827759E-02
  0.1619651    
  0.2669672    
  0.3898248    
  0.4756281    
  0.4454745    
  0.2680574    
  9.7636752E-02
  1.1893541E-02
 -1.6026191E-02
 -1.6833913E-02
 -6.6286651E-03
  1.0000000E-10
  1.0000000E-10
 -3.4085706E-02
 -9.8945878E-02
 -0.1456541    
 -0.1582084    
 -0.1367412    
 -0.1036158    
 -7.9200067E-02
 -6.2470481E-02
 -5.0711513E-02
 -3.9318427E-02
 -2.3426928E-02
  5.6470232E-04
  3.6858171E-02
  9.1801003E-02
  0.1722851    
  0.2758045    
  0.3702496    
  0.3927475    
  0.2837552    
  8.7955639E-02
 -9.3755974E-03
 -3.5657268E-02
 -3.4073271E-02
 -2.2035584E-02
 -7.2505958E-03
  1.0000000E-10
  1.0000000E-10
 -6.8516345E-03
 -1.6761117E-02
 -1.7570799E-02
 -6.0378737E-03
  1.1334940E-02
  1.8863451E-02
  1.3651350E-02
  1.9731815E-04
 -1.4521178E-02
 -2.2800459E-02
 -1.9646794E-02
 -3.0040552E-03
  2.9455420E-02
  8.2621709E-02
  0.1600439    
  0.2522490    
  0.3182687    
  0.2910039    
  0.1282116    
 -1.3717839E-02
 -5.1660746E-02
 -5.3472657E-02
 -4.1120775E-02
 -2.4269100E-02
 -7.5911619E-03
  1.0000000E-10
  1.0000000E-10
  3.7011340E-02
  0.1051787    
  0.1523547    
  0.1716791    
  0.1667371    
  0.1400727    
  9.8202877E-02
  5.1778793E-02
  1.2555541E-02
 -1.1302476E-02
 -1.7841116E-02
 -8.1293415E-03
  1.7939582E-02
  6.3539326E-02
  0.1310794    
  0.2085550    
  0.2534555    
  0.1945245    
  2.7346026E-02
 -5.0334595E-02
 -6.6626601E-02
 -6.0658790E-02
 -4.5315977E-02
 -2.6764285E-02
 -8.4608067E-03
  1.0000000E-10
  1.0000000E-10
  0.1010601    
  0.2642896    
  0.3438485    
  0.3496034    
  0.3117588    
  0.2416958    
  0.1570610    
  8.0758147E-02
  2.6034810E-02
 -5.0063599E-03
 -1.6469959E-02
 -1.2380708E-02
  6.2324251E-03
  4.1517835E-02
  9.5112108E-02
  0.1571849    
  0.1879196    
  0.1098300    
 -1.5557082E-02
 -5.8007929E-02
 -6.1353907E-02
 -5.2105248E-02
 -3.8209155E-02
 -2.2613114E-02
 -7.2127953E-03
  1.0000000E-10
  1.0000000E-10
  0.1786405    
  0.4396925    
  0.5370558    
  0.5206966    
  0.4427246    
  0.3108870    
  0.1790429    
  8.3539002E-02
  2.7101420E-02
 -1.5864053E-03
 -1.3102055E-02
 -1.2910848E-02
 -1.9197030E-03
  2.1995557E-02
  6.0570501E-02
  0.1063749    
  0.1234327    
  5.0080556E-02
 -2.7663542E-02
 -4.6619408E-02
 -4.2772707E-02
 -3.3954531E-02
 -2.3959884E-02
 -1.3792375E-02
 -4.2984011E-03
  1.0000000E-10
  1.0000000E-10
  0.2674897    
  0.6201968    
  0.7177439    
  0.6771474    
  0.5600548    
  0.3364975    
  0.1608926    
  6.4935960E-02
  2.0017216E-02
  1.1032348E-04
 -8.0555268E-03
 -9.4346609E-03
 -4.5238566E-03
  8.7048309E-03
  3.2336913E-02
  6.2260047E-02
  6.8738870E-02
  1.8086759E-02
 -2.2579771E-02
 -2.8075974E-02
 -2.3260072E-02
 -1.7419951E-02
 -1.1621566E-02
 -6.2187323E-03
 -1.7696763E-03
  1.0000000E-10
  1.0000000E-10
  0.3726646    
  0.7952622    
  0.8675598    
  0.8111626    
  0.6785046    
  0.3110723    
  0.1111244    
  3.7028998E-02
  1.0602362E-02
  4.6584729E-04
 -3.6582942E-03
 -4.8184553E-03
 -3.2608300E-03
  2.3167254E-03
  1.3600038E-02
  2.8862389E-02
  3.0399278E-02
  4.7183773E-03
 -1.2160294E-02
 -1.2646591E-02
 -9.7697834E-03
 -7.0119631E-03
 -4.3677972E-03
 -2.0092218E-03
 -4.1710978E-04
  1.0000000E-10
  1.0000000E-10
  0.5210346    
  0.9465616    
  0.9657482    
  0.9143825    
  0.8168332    
  0.2222546    
  4.9001761E-02
  1.3212595E-02
  3.5347880E-03
  2.3747918E-04
 -1.0843045E-03
 -1.5472514E-03
 -1.2427912E-03
  3.1064753E-04
  3.8618171E-03
  8.9328550E-03
  9.1366321E-03
  6.8115327E-04
 -4.0641185E-03
 -3.7577506E-03
 -2.7697114E-03
 -1.9377357E-03
 -1.1235182E-03
 -3.8049044E-04
  1.4167010E-05
  1.0000000E-10
  1.0000000E-10
  0.7578464    
   1.025501    
   1.003245    
  0.9809802    
  0.9505782    
  7.3574141E-02
  6.5849619E-03
  1.4610589E-03
  3.7066004E-04
  3.1455849E-05
 -1.0286848E-04
 -1.5724778E-04
 -1.4277241E-04
 -5.3885233E-06
  3.5329818E-04
  8.9208229E-04
  8.9892407E-04
 -3.7228237E-06
 -4.3160704E-04
 -3.5848469E-04
 -2.5319058E-04
 -1.7472726E-04
 -9.3765819E-05
 -1.1052323E-05
  2.4100507E-05
  1.0000000E-10
  0.0000000E+00
  0.9999996    
  0.9999996    
  0.9999996    
  0.9999996    
  0.9999996    
  1.0000000E-10
  1.0000000E-10
  1.0000000E-10
  1.0000000E-10
  1.0000000E-10
  1.0000000E-10
  1.0000000E-10
  1.0000000E-10
  1.0000000E-10
  1.0000000E-10
  1.0000000E-10
  1.0000000E-10
  1.0000000E-10
  1.0000000E-10
  1.0000000E-10
  1.0000000E-10
  1.0000000E-10
  1.0000000E-10
  1.0000000E-10
  1.0000000E-10
  0.0000000E+00
