  0.0000000E+00
  1.0000000E-10
  1.0000000E-10
  1.0000000E-10
  1.0000000E-10
  1.0000000E-10
  1.0000000E-10
  1.0000000E-10
  1.0000000E-10
  1.0000000E-10
  1.0000000E-10
  1.0000000E-10
  1.0000000E-10
  1.0000000E-10
  1.0000000E-10
  1.0000000E-10
  1.0000000E-10
  1.0000000E-10
  1.0000000E-10
  1.0000000E-10
  1.0000000E-10
  1.0000000E-10
  1.0000000E-10
  1.0000000E-10
  1.0000000E-10
  1.0000000E-10
  0.0000000E+00
  1.0000000E-10
  2.5973741E-06
 -1.1237532E-05
 -1.0114826E-04
 -3.2127893E-04
 -6.8838423E-04
 -1.1348575E-03
 -1.3945154E-03
 -7.3855871E-04
  2.1873277E-03
  7.7847834E-03
  1.2850022E-02
  1.3935080E-02
  1.1441295E-02
  7.6256646E-03
  4.4323429E-03
  2.7537353E-03
  3.1363736E-03
  7.8178477E-03
  2.1440573E-02
  3.1380333E-02
 -1.6734235E-02
 -1.6889386E-02
 -3.5565566E-02
 -9.8282143E-02
 -0.1624940    
  1.0000000E-10
  1.0000000E-10
 -6.5320746E-06
 -9.6566284E-05
 -4.0170742E-04
 -1.0694345E-03
 -2.1581694E-03
 -3.4450484E-03
 -4.0405984E-03
 -1.6144774E-03
  7.9375403E-03
  2.5738250E-02
  4.2027347E-02
  4.6213541E-02
  3.8962804E-02
  2.6854850E-02
  1.6205253E-02
  1.0359802E-02
  1.1346675E-02
  2.5316192E-02
  6.0646072E-02
  6.2255517E-02
 -4.8273794E-02
 -5.3551942E-02
 -0.1005967    
 -0.1767659    
 -0.1107260    
  1.0000000E-10
  1.0000000E-10
 -2.0950001E-05
 -2.2025025E-04
 -7.7177334E-04
 -1.8631658E-03
 -3.5602052E-03
 -5.4413904E-03
 -5.8895024E-03
 -8.9514186E-04
  1.6115602E-02
  4.6652395E-02
  7.4715510E-02
  8.3542809E-02
  7.2986722E-02
  5.2623309E-02
  3.3282250E-02
  2.1920376E-02
  2.2612374E-02
  4.3267909E-02
  8.7355167E-02
  4.7467403E-02
 -7.6141588E-02
 -8.9226022E-02
 -0.1360452    
 -0.1484481    
 -3.6775842E-02
  1.0000000E-10
  1.0000000E-10
 -3.1530119E-05
 -3.1945980E-04
 -1.0700639E-03
 -2.4593961E-03
 -4.4749673E-03
 -6.4080656E-03
 -5.8393003E-03
  2.8052339E-03
  2.7839862E-02
  7.0213720E-02
  0.1084132    
  0.1232781    
  0.1124242    
  8.5794605E-02
  5.7631724E-02
  3.9163701E-02
  3.7314475E-02
  5.8663134E-02
  9.3330249E-02
  9.6171368E-03
 -9.7610511E-02
 -0.1137757    
 -0.1374855    
 -9.7356789E-02
 -1.3095129E-02
  1.0000000E-10
  1.0000000E-10
 -3.3479020E-05
 -3.3917231E-04
 -1.1216810E-03
 -2.4991613E-03
 -4.2822496E-03
 -5.3449869E-03
 -2.4012739E-03
  1.1438146E-02
  4.5242395E-02
  9.6389644E-02
  0.1404315    
  0.1610878    
  0.1535122    
  0.1249204    
  9.0118796E-02
  6.3744053E-02
  5.5533044E-02
  6.9145165E-02
  7.8964457E-02
 -2.8171269E-02
 -0.1100736    
 -0.1223766    
 -0.1172684    
 -5.8239900E-02
 -6.1197635E-03
  1.0000000E-10
  1.0000000E-10
 -2.5044685E-05
 -2.5126585E-04
 -8.0960192E-04
 -1.6856820E-03
 -2.4063238E-03
 -1.2744197E-03
  5.9887902E-03
  2.7382229E-02
  7.1257383E-02
  0.1254553    
  0.1694578    
  0.1926791    
  0.1899580    
  0.1644863    
  0.1278010    
  9.4833538E-02
  7.6486222E-02
  7.3854886E-02
  5.3062983E-02
 -5.5371996E-02
 -0.1127331    
 -0.1156538    
 -8.8684432E-02
 -3.4013934E-02
 -3.2308290E-03
  1.0000000E-10
  1.0000000E-10
 -9.5576133E-06
 -8.0705897E-05
 -1.8656132E-04
 -6.1069004E-05
  1.2271914E-03
  6.2086848E-03
  2.0486260E-02
  5.2882995E-02
  0.1054740    
  0.1556060    
  0.1938281    
  0.2148863    
  0.2152775    
  0.1955053    
  0.1620546    
  0.1258643    
  9.6150659E-02
  7.3009953E-02
  2.5630331E-02
 -6.9373190E-02
 -0.1059627    
 -9.7571224E-02
 -6.0937528E-02
 -1.9696390E-02
 -1.7653205E-03
  1.0000000E-10
  1.0000000E-10
  6.5701502E-06
  1.1401222E-04
  5.7934201E-04
  2.0871484E-03
  6.3569951E-03
  1.7331276E-02
  4.2431019E-02
  8.7325230E-02
  0.1372688    
  0.1774982    
  0.2065050    
  0.2226140    
  0.2237362    
  0.2091479    
  0.1812918    
  0.1454680    
  0.1071617    
  6.7014135E-02
  3.6183470E-03
 -7.2109558E-02
 -9.1923669E-02
 -7.4322835E-02
 -3.8876388E-02
 -1.1266054E-02
 -9.6602598E-04
  1.0000000E-10
  1.0000000E-10
  2.7306016E-05
  3.7658296E-04
  1.6518747E-03
  5.2098976E-03
  1.4053800E-02
  3.3897955E-02
  6.9422223E-02
  0.1147804    
  0.1537794    
  0.1816108    
  0.1995868    
  0.2093357    
  0.2097864    
  0.1990923    
  0.1764952    
  0.1436719    
  0.1033196    
  5.4822698E-02
 -1.1292227E-02
 -6.7979671E-02
 -7.5123236E-02
 -5.2837916E-02
 -2.4033485E-02
 -6.5111266E-03
 -5.4133445E-04
  1.0000000E-10
  1.0000000E-10
  6.8851077E-05
  8.6796400E-04
  3.5467444E-03
  1.0359962E-02
  2.5285542E-02
  5.2118953E-02
  8.8967234E-02
  0.1255647    
  0.1505902    
  0.1639464    
  0.1697985    
  0.1723728    
  0.1713709    
  0.1631795    
  0.1450696    
  0.1171251    
  8.1303746E-02
  3.5822246E-02
 -2.2786062E-02
 -6.4089604E-02
 -6.2145554E-02
 -3.8528770E-02
 -1.6056288E-02
 -4.2451057E-03
 -3.5382964E-04
  1.0000000E-10
  1.0000000E-10
  1.3301476E-04
  1.5712888E-03
  6.0454337E-03
  1.6213043E-02
  3.5035912E-02
  6.2759943E-02
  9.2857212E-02
  0.1148624    
  0.1239845    
  0.1235319    
  0.1194303    
  0.1163372    
  0.1142019    
  0.1084250    
  9.5777646E-02
  7.5557947E-02
  4.9224492E-02
  1.2327556E-02
 -3.8903765E-02
 -6.8525456E-02
 -5.8703229E-02
 -3.3467315E-02
 -1.3631778E-02
 -3.6835456E-03
 -3.2069211E-04
  1.0000000E-10
  1.0000000E-10
  1.9692126E-04
  2.2025404E-03
  7.9835225E-03
  1.9736441E-02
  3.8419053E-02
  6.0504068E-02
  7.7643894E-02
  8.3325200E-02
  7.8635052E-02
  6.8699643E-02
  5.9060752E-02
  5.2752711E-02
  4.9685761E-02
  4.6330832E-02
  3.9763123E-02
  2.9159628E-02
  1.3442077E-02
 -2.0878680E-02
 -6.9102749E-02
 -8.6870566E-02
 -6.6238604E-02
 -3.5957534E-02
 -1.4675874E-02
 -4.0541328E-03
 -3.6368126E-04
  1.0000000E-10
  1.0000000E-10
  2.3450716E-04
  2.4840948E-03
  8.4794546E-03
  1.9240562E-02
  3.3163123E-02
  4.4457164E-02
  4.6708759E-02
  3.8959991E-02
  2.5414553E-02
  1.0825275E-02
 -1.7382051E-03
 -1.0433517E-02
 -1.4520269E-02
 -1.5091974E-02
 -1.4682822E-02
 -1.6276611E-02
 -3.1240880E-02
 -7.6925747E-02
 -0.1195303    
 -0.1167584    
 -7.9259850E-02
 -4.0686637E-02
 -1.6202129E-02
 -4.4152862E-03
 -3.9102766E-04
  1.0000000E-10
  1.0000000E-10
  2.2959296E-04
  2.2635197E-03
  7.0845801E-03
  1.4017122E-02
  1.9311545E-02
  1.7294448E-02
  5.7023494E-03
 -1.2212667E-02
 -3.1599961E-02
 -4.8912179E-02
 -6.3002616E-02
 -7.2370060E-02
 -7.5282089E-02
 -7.1567796E-02
 -6.6085525E-02
 -7.1767576E-02
 -0.1087025    
 -0.1604410    
 -0.1768573    
 -0.1428348    
 -8.5605219E-02
 -4.0355362E-02
 -1.5091263E-02
 -3.9071934E-03
 -3.2758305E-04
  1.0000000E-10
  1.0000000E-10
  1.5342300E-04
  1.2634337E-03
  2.9892521E-03
  2.7815376E-03
 -4.1472600E-03
 -2.1312574E-02
 -4.6958055E-02
 -7.5749718E-02
 -0.1015833    
 -0.1208910    
 -0.1333842    
 -0.1388000    
 -0.1381005    
 -0.1345827    
 -0.1390832    
 -0.1670981    
 -0.2124441    
 -0.2373116    
 -0.2128448    
 -0.1457572    
 -7.5313807E-02
 -3.1202890E-02
 -1.0388935E-02
 -2.4425779E-03
 -1.8492920E-04
  1.0000000E-10
  1.0000000E-10
 -7.5274198E-05
 -1.2368689E-03
 -5.7617258E-03
 -1.7668996E-02
 -4.1232899E-02
 -7.6895878E-02
 -0.1201436    
 -0.1626798    
 -0.1990495    
 -0.2241115    
 -0.2355203    
 -0.2372443    
 -0.2347532    
 -0.2356509    
 -0.2486866    
 -0.2742865    
 -0.2926957    
 -0.2748188    
 -0.2099608    
 -0.1174905    
 -4.8555925E-02
 -1.5935726E-02
 -4.3442282E-03
 -8.4035203E-04
 -4.6539171E-05
  1.0000000E-10
  1.0000000E-10
 -5.7770568E-04
 -6.2871957E-03
 -2.1981617E-02
 -5.2147109E-02
 -9.8239027E-02
 -0.1570368    
 -0.2183307    
 -0.2759296    
 -0.3218772    
 -0.3510022    
 -0.3637869    
 -0.3641707    
 -0.3581010    
 -0.3517113    
 -0.3489878    
 -0.3447575    
 -0.3229198    
 -0.2651486    
 -0.1698911    
 -6.8702385E-02
 -2.1072842E-02
 -5.4679415E-03
 -1.0489274E-03
 -7.9382895E-05
  1.0789390E-05
  1.0000000E-10
  1.0000000E-10
 -1.4012819E-03
 -1.3915746E-02
 -4.4758942E-02
 -9.6311428E-02
 -0.1653503    
 -0.2423082    
 -0.3186940    
 -0.3853253    
 -0.4345231    
 -0.4639704    
 -0.4758276    
 -0.4737059    
 -0.4607219    
 -0.4385890    
 -0.4080562    
 -0.3658922    
 -0.3051807    
 -0.2188116    
 -0.1067992    
 -3.3639878E-02
 -1.2028570E-02
 -4.4453274E-03
 -1.5304412E-03
 -3.9609461E-04
 -3.5123383E-05
  1.0000000E-10
  1.0000000E-10
 -2.8389273E-03
 -2.6175918E-02
 -7.7295169E-02
 -0.1510464    
 -0.2396564    
 -0.3298243    
 -0.4108928    
 -0.4724629    
 -0.5120940    
 -0.5341549    
 -0.5428203    
 -0.5388057    
 -0.5202792    
 -0.4840791    
 -0.4267204    
 -0.3485401    
 -0.2542575    
 -0.1484388    
 -4.0334631E-02
 -6.9013913E-03
  3.4842908E-04
  8.6871773E-04
  3.3853325E-04
  5.3612450E-05
 -2.0102425E-06
  1.0000000E-10
  1.0000000E-10
 -4.9509783E-03
 -4.1784987E-02
 -0.1136739    
 -0.2088078    
 -0.3156824    
 -0.4140478    
 -0.4822544    
 -0.5173753    
 -0.5332685    
 -0.5441110    
 -0.5528572    
 -0.5533111    
 -0.5361512    
 -0.4926391    
 -0.4164354    
 -0.3094973    
 -0.1870027    
 -5.5884860E-02
  2.4220105E-02
  3.1847946E-02
  2.2873715E-02
  1.2549446E-02
  5.3780065E-03
  1.5660954E-03
  1.4877373E-04
  1.0000000E-10
  1.0000000E-10
 -7.8164935E-03
 -6.1085954E-02
 -0.1553439    
 -0.2733901    
 -0.4023317    
 -0.4961558    
 -0.5211540    
 -0.5045602    
 -0.4865212    
 -0.4855484    
 -0.4986642    
 -0.5117781    
 -0.5073429    
 -0.4688402    
 -0.3849343    
 -0.2572159    
 -0.1070934    
  3.2333568E-02
  7.5200245E-02
  5.9491534E-02
  3.6606397E-02
  1.9103836E-02
  8.1777023E-03
  2.4317626E-03
  2.3946262E-04
  1.0000000E-10
  1.0000000E-10
 -1.2539487E-02
 -8.7606423E-02
 -0.2029209    
 -0.3391708    
 -0.5007619    
 -0.5770888    
 -0.5206763    
 -0.4374594    
 -0.3871634    
 -0.3759051    
 -0.3912589    
 -0.4157443    
 -0.4289416    
 -0.4082854    
 -0.3340905    
 -0.2021688    
 -3.6688589E-02
  8.2815930E-02
  9.2985556E-02
  6.2372394E-02
  3.5139084E-02
  1.7429261E-02
  7.2378148E-03
  2.1165635E-03
  2.0615739E-04
  1.0000000E-10
  1.0000000E-10
 -2.4016304E-02
 -0.1315414    
 -0.2554454    
 -0.3909023    
 -0.6041021    
 -0.6534008    
 -0.4699672    
 -0.3314313    
 -0.2666601    
 -0.2506603    
 -0.2631087    
 -0.2886159    
 -0.3108270    
 -0.3085845    
 -0.2579215    
 -0.1459173    
  3.5979319E-03
  8.9260250E-02
  7.9373822E-02
  4.7862642E-02
  2.5162412E-02
  1.1734951E-02
  4.5431983E-03
  1.2308608E-03
  1.0922564E-04
  1.0000000E-10
  1.0000000E-10
 -6.6527180E-02
 -0.2165276    
 -0.3078087    
 -0.4136339    
 -0.6897470    
 -0.6850134    
 -0.3421575    
 -0.2013156    
 -0.1487200    
 -0.1355664    
 -0.1427406    
 -0.1602938    
 -0.1788210    
 -0.1846927    
 -0.1589530    
 -8.6354375E-02
  1.4157541E-02
  6.3450098E-02
  4.9451157E-02
  2.7613305E-02
  1.3700042E-02
  5.9107747E-03
  1.9695680E-03
  3.9544533E-04
  1.3335703E-05
  1.0000000E-10
  1.0000000E-10
 -0.2704608    
 -0.3603515    
 -0.3455207    
 -0.3987952    
 -0.6692625    
 -0.4093836    
 -0.1265718    
 -6.4852111E-02
 -4.5037132E-02
 -4.0081512E-02
 -4.2228788E-02
 -4.8185062E-02
 -5.5134639E-02
 -5.8686860E-02
 -5.1801812E-02
 -2.7536361E-02
  6.9220257E-03
  2.2284433E-02
  1.5934359E-02
  8.3989715E-03
  3.9650784E-03
  1.5555521E-03
  3.7507547E-04
 -1.5546915E-05
 -2.4051769E-05
  1.0000000E-10
  0.0000000E+00
 -0.3718177    
 -0.4013574    
 -0.3514806    
 -0.3905665    
 -0.6407294    
  1.0000000E-10
  1.0000000E-10
  1.0000000E-10
  1.0000000E-10
  1.0000000E-10
  1.0000000E-10
  1.0000000E-10
  1.0000000E-10
  1.0000000E-10
  1.0000000E-10
  1.0000000E-10
  1.0000000E-10
  1.0000000E-10
  1.0000000E-10
  1.0000000E-10
  1.0000000E-10
  1.0000000E-10
  1.0000000E-10
  1.0000000E-10
  1.0000000E-10
  0.0000000E+00
