  1.0000000E-10
  -1.538471    
  -1.538471    
  -1.538471    
  -1.538471    
  -1.538471    
  -1.538471    
  1.0000000E-10
  1.0000000E-10
  1.0000000E-10
  1.0000000E-10
  1.0000000E-10
  1.0000000E-10
  1.0000000E-10
  1.0000000E-10
  1.0000000E-10
  1.0000000E-10
  1.0000000E-10
  1.0000000E-10
  1.0000000E-10
  1.0000000E-10
  1.0000000E-10
  1.0000000E-10
  1.0000000E-10
  1.0000000E-10
  1.0000000E-10
  1.0000000E-10
  1.0000000E-10
  1.0000000E-10
  1.0000000E-10
  1.0000000E-10
  1.0000000E-10
  1.0000000E-10
  1.0000000E-10
  1.0000000E-10
  1.0000000E-10
  1.0000000E-10
  1.0000000E-10
  1.0000000E-10
  1.0000000E-10
  1.0000000E-10
  1.0000000E-10
  1.0000000E-10
  1.0000000E-10
  1.0000000E-10
  1.0000000E-10
  1.0000000E-10
  1.0000000E-10
  1.0000000E-10
  1.0000000E-10
  1.0000000E-10
  -1.171699    
  -1.480141    
  -1.468273    
  -1.420656    
  -1.300448    
 -0.9490089    
 -0.3815740    
 -0.1858680    
 -9.5826894E-02
 -5.1401537E-02
 -1.4111685E-02
  3.5605382E-03
  7.7193324E-03
  7.8821806E-03
  8.3687464E-03
  8.9421226E-03
  8.9800777E-03
  8.3767818E-03
  7.2992402E-03
  6.0177613E-03
  4.8003984E-03
  3.8059696E-03
  3.0377165E-03
  2.4728936E-03
  1.9167452E-03
  1.0727001E-03
  1.8165055E-04
 -3.3891882E-04
 -6.2093185E-04
 -6.1388290E-04
 -4.5979902E-04
 -4.0233121E-04
 -3.5690179E-04
 -2.3797349E-04
 -6.3199048E-05
  7.3405725E-05
  1.3027116E-04
  9.2691000E-05
 -2.4567395E-05
 -1.8071500E-04
 -3.2441653E-04
 -4.1102024E-04
 -4.1765260E-04
 -3.4511741E-04
 -2.1058207E-04
 -4.0421739E-05
  1.2155070E-04
  1.6808319E-04
  1.0000000E-10
  1.0000000E-10
 -0.9476799    
  -1.314003    
  -1.334599    
  -1.303722    
  -1.228527    
  -1.029166    
 -0.6057420    
 -0.4097189    
 -0.2939870    
 -0.2205172    
 -0.1603377    
 -0.1054345    
 -6.4869151E-02
 -3.9425008E-02
 -2.1571986E-02
 -8.1184804E-03
  1.8586700E-03
  8.8674137E-03
  1.3401991E-02
  1.6022380E-02
  1.7323209E-02
  1.7821470E-02
  1.7818421E-02
  1.7439768E-02
  1.6512634E-02
  1.4527073E-02
  1.1525573E-02
  8.0365352E-03
  4.6005929E-03
  2.1629611E-03
  6.8320968E-04
 -3.0411262E-04
 -7.4085942E-04
 -5.1900512E-04
  6.8309702E-05
  4.2959393E-04
  3.0628007E-04
 -3.2709693E-04
 -1.3014666E-03
 -2.3500717E-03
 -3.2027399E-03
 -3.6616926E-03
 -3.6481032E-03
 -3.1963438E-03
 -2.4251817E-03
 -1.4985236E-03
 -6.1042403E-04
 -5.9759673E-06
  1.0000000E-10
  1.0000000E-10
 -0.7154362    
  -1.122767    
  -1.184593    
  -1.162968    
  -1.079780    
 -0.9234276    
 -0.7071476    
 -0.5415162    
 -0.4188637    
 -0.3284232    
 -0.2521235    
 -0.1897888    
 -0.1316616    
 -9.2274092E-02
 -6.0417067E-02
 -3.5013501E-02
 -1.5260489E-02
 -5.2068342E-05
  1.1418102E-02
  1.9967357E-02
  2.6410826E-02
  3.1428635E-02
  3.5373356E-02
  3.8206041E-02
  3.9429348E-02
  3.8309470E-02
  3.4507323E-02
  2.8250879E-02
  2.0532351E-02
  1.2251855E-02
  6.0694409E-03
  2.0769152E-03
  5.1227806E-05
 -1.5657855E-04
  6.9130881E-04
  1.1068993E-03
  4.5528746E-04
 -1.2979469E-03
 -3.7357335E-03
 -6.2496918E-03
 -8.2546389E-03
 -9.3420846E-03
 -9.3509750E-03
 -8.3603971E-03
 -6.6259769E-03
 -4.4990876E-03
 -2.3558894E-03
 -5.6868733E-04
  1.0000000E-10
  1.0000000E-10
 -0.5482090    
 -0.9441156    
  -1.054466    
  -1.063745    
  -1.009055    
 -0.9001147    
 -0.7610787    
 -0.6309872    
 -0.5186175    
 -0.4243448    
 -0.3390751    
 -0.2688809    
 -0.1972699    
 -0.1447442    
 -0.1035137    
 -6.9530509E-02
 -4.1076466E-02
 -1.8361663E-02
 -3.1302034E-04
  1.4168533E-02
  2.6209617E-02
  3.6762178E-02
  4.6333503E-02
  5.4717489E-02
  6.0978021E-02
  6.4166389E-02
  6.3454866E-02
  5.8261774E-02
  4.8593134E-02
  3.5745736E-02
  2.1166431E-02
  1.0572183E-02
  4.4189403E-03
  2.1831931E-03
  2.4806918E-03
  2.4215118E-03
  8.2530582E-04
 -2.4565230E-03
 -6.7699258E-03
 -1.1156126E-02
 -1.4692552E-02
 -1.6719768E-02
 -1.6951483E-02
 -1.5471091E-02
 -1.2650865E-02
 -9.0259090E-03
 -5.1580193E-03
 -1.5462901E-03
  1.0000000E-10
  1.0000000E-10
 -0.4224007    
 -0.7926790    
 -0.9437878    
 -0.9856420    
 -0.9613158    
 -0.8903146    
 -0.7930155    
 -0.6896638    
 -0.5903562    
 -0.4990997    
 -0.4115696    
 -0.3374572    
 -0.2590449    
 -0.1954310    
 -0.1439111    
 -0.1020162    
 -6.7714304E-02
 -3.9032929E-02
 -1.5834648E-02
  3.2203386E-03
  1.9623589E-02
  3.4747772E-02
  4.9475815E-02
  6.3711867E-02
  7.5929798E-02
  8.4726267E-02
  8.9253768E-02
  8.8747635E-02
  8.2985818E-02
  7.1533844E-02
  5.4633219E-02
  3.3786267E-02
  1.6904484E-02
  9.0603568E-03
  6.7470302E-03
  5.2175247E-03
  2.2104033E-03
 -2.9125668E-03
 -9.4271190E-03
 -1.6094323E-02
 -2.1651806E-02
 -2.5134332E-02
 -2.6036076E-02
 -2.4341550E-02
 -2.0461619E-02
 -1.5095454E-02
 -9.0182461E-03
 -2.9157477E-03
  1.0000000E-10
  1.0000000E-10
 -0.3296621    
 -0.6715609    
 -0.8515261    
 -0.9264877    
 -0.9301289    
 -0.8864093    
 -0.8149490    
 -0.7310975    
 -0.6438206    
 -0.5578519    
 -0.4720138    
 -0.3950528    
 -0.3144888    
 -0.2422596    
 -0.1822228    
 -0.1325289    
 -9.2093624E-02
 -5.9245262E-02
 -3.2057568E-02
 -9.5936386E-03
  9.8766051E-03
  2.8159028E-02
  4.6728183E-02
  6.5869406E-02
  8.3616287E-02
  9.8089784E-02
  0.1081462    
  0.1126403    
  0.1111559    
  0.1038404    
  9.1234088E-02
  7.3753327E-02
  5.1478080E-02
  2.7431808E-02
  1.6456837E-02
  1.1154157E-02
  5.8685481E-03
 -1.4549458E-03
 -1.0482790E-02
 -1.9876523E-02
 -2.8068628E-02
 -3.3728350E-02
 -3.6019009E-02
 -3.4679782E-02
 -3.0015089E-02
 -2.2816038E-02
 -1.4085006E-02
 -4.7641727E-03
  1.0000000E-10
  1.0000000E-10
 -0.2633633    
 -0.5810922    
 -0.7754805    
 -0.8802689    
 -0.9081613    
 -0.8848037    
 -0.8309308    
 -0.7612445    
 -0.6839136    
 -0.6032826    
 -0.5219094    
 -0.4431899    
 -0.3619137    
 -0.2838996    
 -0.2169584    
 -0.1605269    
 -0.1143607    
 -7.7426314E-02
 -4.7418308E-02
 -2.2462865E-02
 -8.8480220E-04
  1.9376606E-02
  4.0367264E-02
  6.3111320E-02
  8.5552029E-02
  0.1052667    
  0.1208174    
  0.1307104    
  0.1341911    
  0.1311882    
  0.1222125    
  0.1081930    
  9.0442039E-02
  6.9311790E-02
  4.3967467E-02
  2.5216250E-02
  1.3991836E-02
  3.4291979E-03
 -8.5117295E-03
 -2.1043334E-02
 -3.2470662E-02
 -4.1110720E-02
 -4.5723330E-02
 -4.5652326E-02
 -4.0849529E-02
 -3.2072358E-02
 -2.0455400E-02
 -7.2024683E-03
  1.0000000E-10
  1.0000000E-10
 -0.2171226    
 -0.5150337    
 -0.7201978    
 -0.8434820    
 -0.8919581    
 -0.8842181    
 -0.8429400    
 -0.7835859    
 -0.7139785    
 -0.6394033    
 -0.5614492    
 -0.4825409    
 -0.4013372    
 -0.3196477    
 -0.2472880    
 -0.1851874    
 -0.1341354    
 -9.3463317E-02
 -6.1339773E-02
 -3.4686897E-02
 -1.1670973E-02
  9.7994618E-03
  3.2058772E-02
  5.6995213E-02
  8.2896404E-02
  0.1069442    
  0.1274503    
  0.1426097    
  0.1512766    
  0.1530658    
  0.1483095    
  0.1378754    
  0.1230260    
  0.1048426    
  8.4034227E-02
  6.0815640E-02
  3.5219319E-02
  1.5686993E-02
 -1.1938462E-03
 -1.7595062E-02
 -3.2813720E-02
 -4.5168627E-02
 -5.3035684E-02
 -5.5359572E-02
 -5.1644191E-02
 -4.2073406E-02
 -2.7841626E-02
 -1.0239218E-02
  1.0000000E-10
  1.0000000E-10
 -0.1861668    
 -0.4692134    
 -0.6815898    
 -0.8183109    
 -0.8799846    
 -0.8837881    
 -0.8517518    
 -0.8000196    
 -0.7372102    
 -0.6673251    
 -0.5922991    
 -0.5139626    
 -0.4329551    
 -0.3492235    
 -0.2726850    
 -0.2059856    
 -0.1510412    
 -0.1074397    
 -7.3437490E-02
 -4.6008434E-02
 -2.2095576E-02
  1.4686216E-04
  2.2960056E-02
  4.8926461E-02
  7.7026814E-02
  0.1042952    
  0.1288993    
  0.1487796    
  0.1624148    
  0.1690796    
  0.1688320    
  0.1623269    
  0.1506217    
  0.1348570    
  0.1159325    
  9.4856143E-02
  7.2253160E-02
  4.4394363E-02
  1.7773258E-02
 -5.2609546E-03
 -2.5559925E-02
 -4.2454138E-02
 -5.4379199E-02
 -6.0149048E-02
 -5.8999687E-02
 -5.0521147E-02
 -3.4946617E-02
 -1.3499379E-02
  1.0000000E-10
  1.0000000E-10
 -0.1666739    
 -0.4402627    
 -0.6576304    
 -0.8029351    
 -0.8728596    
 -0.8838589    
 -0.8581516    
 -0.8120616    
 -0.7541434    
 -0.6881850    
 -0.6157438    
 -0.5382868    
 -0.4572154    
 -0.3727678    
 -0.2929645    
 -0.2226973    
 -0.1649482    
 -0.1194728    
 -8.4329106E-02
 -5.6385793E-02
 -3.2016587E-02
 -9.1635883E-03
  1.4007994E-02
  4.0148802E-02
  6.9301844E-02
  9.8641090E-02
  0.1263429    
  0.1501621    
  0.1682398    
  0.1794940    
  0.1836634    
  0.1811458    
  0.1727836    
  0.1596022    
  0.1425404    
  0.1225818    
  0.1006729    
  7.6754265E-02
  4.9549647E-02
  1.9766970E-02
 -6.6671195E-03
 -2.9121213E-02
 -4.6569884E-02
 -5.7060666E-02
 -5.9750069E-02
 -5.3905960E-02
 -3.9197549E-02
 -1.5935769E-02
  1.0000000E-10
  1.0000000E-10
 -0.1557083    
 -0.4251433    
 -0.6463038    
 -0.7961469    
 -0.8698589    
 -0.8844661    
 -0.8625162    
 -0.8202752    
 -0.7660211    
 -0.7031506    
 -0.6328446    
 -0.5563139    
 -0.4748799    
 -0.3905173    
 -0.3082947    
 -0.2354047    
 -0.1759773    
 -0.1297315    
 -9.4384544E-02
 -6.6190869E-02
 -4.1654434E-02
 -1.8047711E-02
  5.7308641E-03
  3.1878207E-02
  6.1064098E-02
  9.1347277E-02
  0.1210853    
  0.1479225    
  0.1697084    
  0.1850131    
  0.1932466    
  0.1945322    
  0.1894959    
  0.1790317    
  0.1640749    
  0.1455748    
  0.1245169    
  0.1015139    
  7.7049091E-02
  5.0044660E-02
  2.0612435E-02
 -5.4836823E-03
 -2.7199008E-02
 -4.3160722E-02
 -5.0867826E-02
 -4.9231112E-02
 -3.7683077E-02
 -1.6082114E-02
  1.0000000E-10
  1.0000000E-10
 -0.1512467    
 -0.4213611    
 -0.6455937    
 -0.7965031    
 -0.8701619    
 -0.8853170    
 -0.8650160    
 -0.8251892    
 -0.7735573    
 -0.7130558    
 -0.6444704    
 -0.5688028    
 -0.4872250    
 -0.4022548    
 -0.3192930    
 -0.2445178    
 -0.1844457    
 -0.1384524    
 -0.1038274    
 -7.5722970E-02
 -5.0812788E-02
 -2.6449936E-02
 -1.7538094E-03
  2.4596114E-02
  5.3397998E-02
  8.3736591E-02
  0.1144863    
  0.1433555    
  0.1679809    
  0.1866219    
  0.1983745    
  0.2030959    
  0.2012062    
  0.1934715    
  0.1807980    
  0.1641390    
  0.1444837    
  0.1226663    
  9.9465549E-02
  7.5323269E-02
  4.8242327E-02
  2.1433828E-02
 -1.8230680E-03
 -2.0098457E-02
 -3.1795252E-02
 -3.4993812E-02
 -2.8725179E-02
 -1.2917014E-02
  1.0000000E-10
  1.0000000E-10
 -0.1519533    
 -0.4269108    
 -0.6534883    
 -0.8023291    
 -0.8726522    
 -0.8858773    
 -0.8655841    
 -0.8270739    
 -0.7772682    
 -0.7185658    
 -0.6513532    
 -0.5764695    
 -0.4949230    
 -0.4093275    
 -0.3255321    
 -0.2507904    
 -0.1909208    
 -0.1458188    
 -0.1125389    
 -8.4806025E-02
 -5.9390504E-02
 -3.4212064E-02
 -8.2883500E-03
  1.8607913E-02
  4.7007866E-02
  7.6850437E-02
  0.1077650    
  0.1377266    
  0.1642784    
  0.1854352    
  0.2000231    
  0.2076612    
  0.2085883    
  0.2034530    
  0.1931182    
  0.1785368    
  0.1607007    
  0.1405441    
  0.1189393    
  9.6370533E-02
  7.1785212E-02
  4.7796231E-02
  2.4787210E-02
  5.7874685E-03
 -7.6807360E-03
 -1.4590023E-02
 -1.4410621E-02
 -7.1480717E-03
  1.0000000E-10
  1.0000000E-10
 -0.1569711    
 -0.4401390    
 -0.6679485    
 -0.8117332    
 -0.8759608    
 -0.8853761    
 -0.8639407    
 -0.8259977    
 -0.7774624    
 -0.7201596    
 -0.6540826    
 -0.5799636    
 -0.4986386    
 -0.4127418    
 -0.3284935    
 -0.2536579    
 -0.1947683    
 -0.1519990    
 -0.1202750    
 -9.2887387E-02
 -6.6851579E-02
 -4.0848680E-02
 -1.3831218E-02
  1.3858061E-02
  4.2050518E-02
  7.1231186E-02
  0.1017772    
  0.1320594    
  0.1596704    
  0.1824837    
  0.1991285    
  0.2090348    
  0.2122961    
  0.2094622    
  0.2013460    
  0.1888846    
  0.1730710    
  0.1548834    
  0.1350667    
  0.1135745    
  9.1485709E-02
  6.9856785E-02
  4.9639583E-02
  3.1403594E-02
  1.6813962E-02
  6.7961668E-03
  1.1418435E-03
 -6.7959033E-04
  1.0000000E-10
  1.0000000E-10
 -0.1657565    
 -0.4595639    
 -0.6868262    
 -0.8226048    
 -0.8784893    
 -0.8828209    
 -0.8595805    
 -0.8217951    
 -0.7742144    
 -0.7181032    
 -0.6530738    
 -0.5798210    
 -0.4989857    
 -0.4131321    
 -0.3288107    
 -0.2542355    
 -0.1964638    
 -0.1554470    
 -0.1252026    
 -9.8759882E-02
 -7.2827920E-02
 -4.6507049E-02
 -1.9129522E-02
  9.7105708E-03
  3.8235825E-02
  6.6956364E-02
  9.6979178E-02
  0.1270790    
  0.1550073    
  0.1786312    
  0.1964922    
  0.2078966    
  0.2128527    
  0.2118412    
  0.2056263    
  0.1951194    
  0.1810369    
  0.1644815    
  0.1463493    
  0.1269324    
  0.1069666    
  8.7399349E-02
  6.9090024E-02
  5.2618887E-02
  3.8132302E-02
  2.5513399E-02
  1.4665538E-02
  4.8647048E-03
  1.0000000E-10
  1.0000000E-10
 -0.1779466    
 -0.4836472    
 -0.7077161    
 -0.8325572    
 -0.8783851    
 -0.8769653    
 -0.8517228    
 -0.8140056    
 -0.7673033    
 -0.7123938    
 -0.6485211    
 -0.5764233    
 -0.4965059    
 -0.4111373    
 -0.3270228    
 -0.2525797    
 -0.1955345    
 -0.1559066    
 -0.1270073    
 -0.1012072    
 -7.5438514E-02
 -4.9012791E-02
 -2.1471787E-02
  7.1012345E-03
  3.5652559E-02
  6.4345606E-02
  9.3695074E-02
  0.1230417    
  0.1504658    
  0.1739714    
  0.1921071    
  0.2041444    
  0.2100454    
  0.2102208    
  0.2053641    
  0.1963314    
  0.1838917    
  0.1690115    
  0.1525035    
  0.1348625    
  0.1167957    
  9.9088855E-02
  8.2335718E-02
  6.6751905E-02
  5.2126832E-02
  3.7919890E-02
  2.3455288E-02
  8.3357152E-03
  1.0000000E-10
  1.0000000E-10
 -0.1932128    
 -0.5104814    
 -0.7277209    
 -0.8387852    
 -0.8734366    
 -0.8662008    
 -0.8391904    
 -0.8017530    
 -0.7561037    
 -0.7026752    
 -0.6403317    
 -0.5699494    
 -0.4916291    
 -0.4073450    
 -0.3236946    
 -0.2488819    
 -0.1913997    
 -0.1519328    
 -0.1239481    
 -9.9043399E-02
 -7.4044310E-02
 -4.8183843E-02
 -2.1186622E-02
  6.6244495E-03
  3.5013311E-02
  6.3496038E-02
  9.1683045E-02
  0.1194955    
  0.1454575    
  0.1678762    
  0.1855435    
  0.1972562    
  0.2032333    
  0.2038990    
  0.1998389    
  0.1918271    
  0.1806358    
  0.1671550    
  0.1521362    
  0.1361555    
  0.1198585    
  0.1038257    
  8.8361345E-02
  7.3392443E-02
  5.8528483E-02
  4.3235037E-02
  2.7025340E-02
  9.6145552E-03
  1.0000000E-10
  1.0000000E-10
 -0.2110346    
 -0.5373379    
 -0.7430986    
 -0.8378108    
 -0.8608511    
 -0.8483281    
 -0.8201691    
 -0.7835113    
 -0.7393637    
 -0.6880338    
 -0.6279376    
 -0.5602099    
 -0.4845394    
 -0.4022082    
 -0.3194718    
 -0.2436808    
 -0.1840219    
 -0.1434160    
 -0.1151977    
 -9.1257542E-02
 -6.7633219E-02
 -4.3188427E-02
 -1.7640859E-02
  8.7955482E-03
  3.6199354E-02
  6.3541852E-02
  8.9938022E-02
  0.1154076    
  0.1388865    
  0.1590528    
  0.1748364    
  0.1854336    
  0.1909134    
  0.1915578    
  0.1876949    
  0.1802541    
  0.1699537    
  0.1576001    
  0.1439104    
  0.1294154    
  0.1146060    
  9.9819295E-02
  8.5143261E-02
  7.0443012E-02
  5.5496357E-02
  4.0146545E-02
  2.4387849E-02
  8.3532790E-03
  1.0000000E-10
  1.0000000E-10
 -0.2302824    
 -0.5599860    
 -0.7487440    
 -0.8250688    
 -0.8368514    
 -0.8201209    
 -0.7917424    
 -0.7566236    
 -0.7146913    
 -0.6664420    
 -0.6096455    
 -0.5459833    
 -0.4746991    
 -0.3971022    
 -0.3165840    
 -0.2396669    
 -0.1754126    
 -0.1299024    
 -9.9799685E-02
 -7.6584890E-02
 -5.4665465E-02
 -3.2187283E-02
 -9.0273069E-03
  1.4634728E-02
  3.9337657E-02
  6.3957594E-02
  8.7388895E-02
  0.1094639    
  0.1294051    
  0.1462440    
  0.1591646    
  0.1676493    
  0.1717168    
  0.1716177    
  0.1677721    
  0.1607988    
  0.1510046    
  0.1399734    
  0.1279665    
  0.1154290    
  0.1026520    
  8.9768767E-02
  7.6755047E-02
  6.3502692E-02
  4.9911782E-02
  3.5950955E-02
  2.1673238E-02
  7.3451446E-03
  1.0000000E-10
  1.0000000E-10
 -0.2482653    
 -0.5715765    
 -0.7373594    
 -0.7941803    
 -0.7959117    
 -0.7764878    
 -0.7489854    
 -0.7163540    
 -0.6775234    
 -0.6337810    
 -0.5834461    
 -0.5260806    
 -0.4615583    
 -0.3904858    
 -0.3148121    
 -0.2387179    
 -0.1694343    
 -0.1155432    
 -8.0345064E-02
 -5.7644755E-02
 -3.9001942E-02
 -2.0362401E-02
 -1.4694569E-03
  1.8271824E-02
  3.9169487E-02
  5.9840750E-02
  7.9119615E-02
  9.6755624E-02
  0.1122152    
  0.1248644    
  0.1341809    
  0.1398774    
  0.1419873    
  0.1407363    
  0.1364995    
  0.1297422    
  0.1208393    
  0.1106663    
  0.1002393    
  8.9358903E-02
  7.8068562E-02
  6.6347465E-02
  5.4201253E-02
  4.1808020E-02
  2.9647248E-02
  1.8507069E-02
  9.2861354E-03
  2.3449650E-03
  1.0000000E-10
  1.0000000E-10
 -0.2585318    
 -0.5608211    
 -0.6981257    
 -0.7356653    
 -0.7293216    
 -0.7089113    
 -0.6833559    
 -0.6545292    
 -0.6217875    
 -0.5842952    
 -0.5415532    
 -0.4931887    
 -0.4389324    
 -0.3787917    
 -0.3132827    
 -0.2438398    
 -0.1734763    
 -0.1076018    
 -5.3968392E-02
 -1.9034453E-02
 -1.3571064E-03
  8.9642154E-03
  1.9225262E-02
  3.1743862E-02
  4.6223499E-02
  6.0954604E-02
  7.4431457E-02
  8.6261742E-02
  9.6062273E-02
  0.1034507    
  0.1081332    
  0.1099709    
  0.1090098    
  0.1054440    
  9.9637099E-02
  9.2213199E-02
  8.4080227E-02
  7.6288335E-02
  6.9959871E-02
  6.4436063E-02
  5.9913822E-02
  5.6500148E-02
  5.4087806E-02
  5.2171648E-02
  4.9587470E-02
  4.4322953E-02
  3.3603393E-02
  1.4693672E-02
  1.0000000E-10
  1.0000000E-10
 -0.2481386    
 -0.5107279    
 -0.6159013    
 -0.6359262    
 -0.6238452    
 -0.6039703    
 -0.5827094    
 -0.5588949    
 -0.5322369    
 -0.5025049    
 -0.4694972    
 -0.4330822    
 -0.3932416    
 -0.3501307    
 -0.3041525    
 -0.2560395    
 -0.2069089    
 -0.1582749    
 -0.1119788    
 -7.0061930E-02
 -3.4564406E-02
 -7.5167683E-03
  1.1446684E-02
  2.4406804E-02
  3.3670649E-02
  4.0574700E-02
  4.5347512E-02
  4.8265688E-02
  4.9438644E-02
  4.8933793E-02
  4.6862345E-02
  4.3420296E-02
  3.8894698E-02
  3.3642519E-02
  2.8064689E-02
  2.2576153E-02
  1.7569514E-02
  1.3354473E-02
  9.9229375E-03
  7.1099736E-03
  4.9245250E-03
  3.1644055E-03
  1.6971348E-03
  3.7274632E-04
 -9.3135861E-04
 -2.2046859E-03
 -3.0390040E-03
 -2.2194206E-03
  1.0000000E-10
  1.0000000E-10
 -0.2012617    
 -0.4042421    
 -0.4765376    
 -0.4820434    
 -0.4662845    
 -0.4489538    
 -0.4302660    
 -0.4099992    
 -0.3880158    
 -0.3641686    
 -0.3383246    
 -0.3103837    
 -0.2803070    
 -0.2481538    
 -0.2141287    
 -0.1786405    
 -0.1423500    
 -0.1062146    
 -7.1429349E-02
 -3.9284170E-02
 -1.1241461E-02
  1.1241099E-02
  2.7610779E-02
  3.8329478E-02
  4.4630501E-02
  4.7582444E-02
  4.8192266E-02
  4.7273349E-02
  4.5328315E-02
  4.2696558E-02
  3.9630741E-02
  3.6325999E-02
  3.2929417E-02
  2.9543605E-02
  2.6228394E-02
  2.3005065E-02
  1.9881235E-02
  1.6902981E-02
  1.4129085E-02
  1.1592543E-02
  9.3095349E-03
  7.2865761E-03
  5.5219196E-03
  4.0117870E-03
  2.7482021E-03
  1.7215421E-03
  9.2385313E-04
  3.4762864E-04
  1.0000000E-10
  1.0000000E-10
 -0.1195144    
 -0.2447793    
 -0.2856101    
 -0.2810365    
 -0.2654156    
 -0.2497164    
 -0.2334572    
 -0.2165711    
 -0.1989917    
 -0.1806608    
 -0.1615264    
 -0.1415517    
 -0.1207282    
 -9.9091023E-02
 -7.6736726E-02
 -5.4191761E-02
 -3.1841896E-02
 -1.0144407E-02
  1.0245848E-02
  2.8864916E-02
  4.5388754E-02
  5.9622116E-02
  7.1201511E-02
  7.9647943E-02
  8.4777974E-02
  8.6688861E-02
  8.6133987E-02
  8.3866760E-02
  8.0377989E-02
  7.6001860E-02
  7.0995010E-02
  6.5576784E-02
  5.9945956E-02
  5.4281976E-02
  4.8740149E-02
  4.3445677E-02
  3.8481928E-02
  3.3868689E-02
  2.9584449E-02
  2.5603117E-02
  2.1898473E-02
  1.8444834E-02
  1.5222681E-02
  1.2209868E-02
  9.3893278E-03
  6.7508137E-03
  4.2857081E-03
  1.9714974E-03
  1.0000000E-10
  1.0000000E-10
 -2.4356330E-02
 -4.7166497E-02
 -4.2324338E-02
 -2.3639975E-02
 -1.0388110E-02
 -4.0866283E-04
  8.0950661E-03
  1.5709706E-02
  2.2788230E-02
  2.9552964E-02
  3.6143668E-02
  4.2638812E-02
  4.9062293E-02
  5.5383272E-02
  6.1509572E-02
  6.7627490E-02
  7.3610187E-02
  7.9228438E-02
  8.4299929E-02
  8.8378474E-02
  9.1064215E-02
  9.2010021E-02
  9.0935521E-02
  8.7674364E-02
  8.2217187E-02
  7.5221233E-02
  6.7764103E-02
  6.0408168E-02
  5.3513497E-02
  4.7266047E-02
  4.1737251E-02
  3.6914665E-02
  3.2738023E-02
  2.9121080E-02
  2.5968293E-02
  2.3187526E-02
  2.0697903E-02
  1.8432600E-02
  1.6339296E-02
  1.4378217E-02
  1.2518271E-02
  1.0736164E-02
  9.0157464E-03
  7.3545594E-03
  5.7505285E-03
  4.1945893E-03
  2.6774679E-03
  1.2155330E-03
  1.0000000E-10
  1.0000000E-10
  8.7888107E-02
  0.1882470    
  0.2264137    
  0.2307339    
  0.2278890    
  0.2254725    
  0.2232492    
  0.2211271    
  0.2190391    
  0.2169240    
  0.2147110    
  0.2123156    
  0.2096378    
  0.2065605    
  0.2029499    
  0.1986583    
  0.1935241    
  0.1873916    
  0.1801331    
  0.1716727    
  0.1620147    
  0.1512532    
  0.1395819    
  0.1272529    
  0.1143591    
  0.1016797    
  9.0092704E-02
  7.9670258E-02
  7.0476174E-02
  6.2529989E-02
  5.5775404E-02
  5.0102592E-02
  4.5345370E-02
  4.1320097E-02
  3.7844863E-02
  3.4753326E-02
  3.1905014E-02
  2.9191798E-02
  2.6538752E-02
  2.3900663E-02
  2.1255508E-02
  1.8599415E-02
  1.5939839E-02
  1.3274007E-02
  1.0594104E-02
  7.8973444E-03
  5.1817056E-03
  2.4453900E-03
  1.0000000E-10
  1.0000000E-10
  0.1703362    
  0.3446321    
  0.4102374    
  0.4216416    
  0.4174048    
  0.4119701    
  0.4060264    
  0.3994281    
  0.3920658    
  0.3838169    
  0.3745498    
  0.3641289    
  0.3524192    
  0.3392960    
  0.3246568    
  0.3084347    
  0.2906060    
  0.2712079    
  0.2503545    
  0.2282462    
  0.2051764    
  0.1815162    
  0.1576669    
  0.1339051    
  0.1100154    
  8.7091789E-02
  6.6727690E-02
  4.9595352E-02
  3.6099091E-02
  2.5844660E-02
  1.8610599E-02
  1.3786160E-02
  1.0896765E-02
  9.4951475E-03
  9.1400938E-03
  9.4006313E-03
  9.8826950E-03
  1.0305551E-02
  1.0555791E-02
  1.0671107E-02
  1.0637010E-02
  1.0561257E-02
  1.0471779E-02
  1.0371501E-02
  1.0431276E-02
  1.0617950E-02
  1.0046030E-02
  6.0764342E-03
  1.0000000E-10
  1.0000000E-10
  0.2256579    
  0.4607111    
  0.5544665    
  0.5753571    
  0.5712459    
  0.5626459    
  0.5529417    
  0.5417609    
  0.5289406    
  0.5143055    
  0.4976663    
  0.4788263    
  0.4575927    
  0.4337885    
  0.4072709    
  0.3779524    
  0.3458260    
  0.3109955    
  0.2737039    
  0.2343525    
  0.1934955    
  0.1517945    
  0.1099247    
  6.8497859E-02
  2.8234120E-02
 -6.6634025E-03
 -3.2524563E-02
 -5.1272105E-02
 -6.5611139E-02
 -7.6681904E-02
 -8.5594177E-02
 -9.2408933E-02
 -9.7188756E-02
 -0.1000622    
 -0.1012112    
 -0.1008326    
 -9.9135637E-02
 -9.6599743E-02
 -9.4000816E-02
 -9.1072850E-02
 -8.7991796E-02
 -8.5033320E-02
 -8.2501709E-02
 -8.0204703E-02
 -7.6784663E-02
 -6.9250509E-02
 -5.3025533E-02
 -2.3267856E-02
  1.0000000E-10
  1.0000000E-10
  0.2526129    
  0.5336824    
  0.6554924    
  0.6885247    
  0.6868787    
  0.6760662    
  0.6631333    
  0.6481318    
  0.6306479    
  0.6104342    
  0.5872359    
  0.5608006    
  0.5308953    
  0.4973281    
  0.4599806    
  0.4188494    
  0.3741032    
  0.3261542    
  0.2757465    
  0.2240469    
  0.1727089    
  0.1238224    
  7.9610921E-02
  4.1813221E-02
  1.0918855E-02
 -1.3339366E-02
 -3.4738891E-02
 -5.5364326E-02
 -7.4957244E-02
 -9.2663504E-02
 -0.1076892    
 -0.1194713    
 -0.1278089    
 -0.1327207    
 -0.1343838    
 -0.1330321    
 -0.1288483    
 -0.1219575    
 -0.1138470    
 -0.1042464    
 -9.3101703E-02
 -8.0334775E-02
 -6.5971941E-02
 -5.0372127E-02
 -3.4464825E-02
 -1.9827489E-02
 -8.3273062E-03
 -1.3342066E-03
  1.0000000E-10
  1.0000000E-10
  0.2613015    
  0.5744465    
  0.7223341    
  0.7690808    
  0.7715511    
  0.7601438    
  0.7442483    
  0.7259045    
  0.7044590    
  0.6794778    
  0.6506524    
  0.6176933    
  0.5803549    
  0.5384707    
  0.4920063    
  0.4411309    
  0.3863185    
  0.3284835    
  0.2691386    
  0.2105238    
  0.1555332    
  0.1070822    
  6.6645816E-02
  3.2809429E-02
  1.8677675E-03
 -2.7971819E-02
 -5.5949174E-02
 -8.2157992E-02
 -0.1062504    
 -0.1275163    
 -0.1453540    
 -0.1592250    
 -0.1688626    
 -0.1742287    
 -0.1755427    
 -0.1731812    
 -0.1675756    
 -0.1591955    
 -0.1492317    
 -0.1378439    
 -0.1252655    
 -0.1116028    
 -9.6860118E-02
 -8.1025727E-02
 -6.4166754E-02
 -4.6456818E-02
 -2.8133361E-02
 -9.5438790E-03
  1.0000000E-10
  1.0000000E-10
  0.2598514    
  0.5935899    
  0.7644460    
  0.8254818    
  0.8332604    
  0.8220601    
  0.8044099    
  0.7827694    
  0.7577809    
  0.7287213    
  0.6951311    
  0.6567165    
  0.6132558    
  0.5646536    
  0.5110161    
  0.4527615    
  0.3907754    
  0.3266125    
  0.2626936    
  0.2023076    
  0.1489873    
  0.1048563    
  6.8741113E-02
  3.6379561E-02
  3.1502959E-03
 -3.0909834E-02
 -6.3372418E-02
 -9.3832307E-02
 -0.1219191    
 -0.1466169    
 -0.1672383    
 -0.1831163    
 -0.1939742    
 -0.1997522    
 -0.2007441    
 -0.1973855    
 -0.1903480    
 -0.1805617    
 -0.1686204    
 -0.1550580    
 -0.1403285    
 -0.1247031    
 -0.1082150    
 -9.0705268E-02
 -7.2005607E-02
 -5.2158326E-02
 -3.1522520E-02
 -1.0663435E-02
  1.0000000E-10
  1.0000000E-10
  0.2536252    
  0.5993441    
  0.7895268    
  0.8645276    
  0.8783268    
  0.8679192    
  0.8488488    
  0.8249264    
  0.7964680    
  0.7636982    
  0.7260475    
  0.6830792    
  0.6346369    
  0.5807261    
  0.5216221    
  0.4580077    
  0.3911707    
  0.3232347    
  0.2573047    
  0.1971745    
  0.1460587    
  0.1044796    
  6.9268450E-02
  3.5394594E-02
 -7.1532145E-04
 -3.7383530E-02
 -7.1947470E-02
 -0.1046364    
 -0.1350600    
 -0.1616653    
 -0.1838162    
 -0.2006375    
 -0.2118754    
 -0.2173937    
 -0.2176064    
 -0.2132649    
 -0.2051331    
 -0.1940296    
 -0.1806787    
 -0.1656472    
 -0.1495809    
 -0.1329797    
 -0.1160669    
 -9.8661155E-02
 -8.0240212E-02
 -6.0179420E-02
 -3.8019054E-02
 -1.3620920E-02
  1.0000000E-10
  1.0000000E-10
  0.2462652    
  0.5981379    
  0.8038679    
  0.8916848    
  0.9116312    
  0.9023260    
  0.8819884    
  0.8558853    
  0.8247514    
  0.7884235    
  0.7469730    
  0.7001200    
  0.6475652    
  0.5894371    
  0.5261878    
  0.4587403    
  0.3887022    
  0.3185924    
  0.2518929    
  0.1924829    
  0.1430100    
  0.1028656    
  6.8025455E-02
  3.3296745E-02
 -4.3846178E-03
 -4.2315219E-02
 -7.8277119E-02
 -0.1125203    
 -0.1447581    
 -0.1723633    
 -0.1951034    
 -0.2119519    
 -0.2226969    
 -0.2274561    
 -0.2267194    
 -0.2211239    
 -0.2115488    
 -0.1988825    
 -0.1839029    
 -0.1671354    
 -0.1493381    
 -0.1311729    
 -0.1131572    
 -9.5379665E-02
 -7.7381141E-02
 -5.8314323E-02
 -3.7277725E-02
 -1.3622081E-02
  1.0000000E-10
  1.0000000E-10
  0.2403392    
  0.5950925    
  0.8127205    
  0.9114764    
  0.9370250    
  0.9287491    
  0.9070812    
  0.8786998    
  0.8448266    
  0.8054422    
  0.7604419    
  0.7098213    
  0.6537421    
  0.5921997    
  0.5258138    
  0.4556948    
  0.3836535    
  0.3123968    
  0.2455001    
  0.1866767    
  0.1381081    
  9.8401859E-02
  6.3764125E-02
  2.7887788E-02
 -1.1234972E-02
 -4.8974637E-02
 -8.5142784E-02
 -0.1198662    
 -0.1519376    
 -0.1798978    
 -0.2025516    
 -0.2188156    
 -0.2285903    
 -0.2320759    
 -0.2298252    
 -0.2224966    
 -0.2110797    
 -0.1965302    
 -0.1797066    
 -0.1610098    
 -0.1413111    
 -0.1212836    
 -0.1017390    
 -8.3199613E-02
 -6.5621957E-02
 -4.8350383E-02
 -3.0381003E-02
 -1.1020422E-02
  1.0000000E-10
  1.0000000E-10
  0.2377658    
  0.5943817    
  0.8205372    
  0.9277184    
  0.9576173    
  0.9498280    
  0.9264899    
  0.8955213    
  0.8586386    
  0.8159933    
  0.7676023    
  0.7135844    
  0.6542040    
  0.5896550    
  0.5207142    
  0.4486414    
  0.3753713    
  0.3036715    
  0.2370973    
  0.1791018    
  0.1312819    
  9.1905557E-02
  5.7103723E-02
  1.9153509E-02
 -1.9179016E-02
 -5.6155935E-02
 -9.2154272E-02
 -0.1267631    
 -0.1585446    
 -0.1858277    
 -0.2073268    
 -0.2222516    
 -0.2303870    
 -0.2319990    
 -0.2277060    
 -0.2183344    
 -0.2048437    
 -0.1882218    
 -0.1693707    
 -0.1483793    
 -0.1265690    
 -0.1043476    
 -8.2788855E-02
 -6.2853158E-02
 -4.5102488E-02
 -2.9571133E-02
 -1.6568290E-02
 -5.3597139E-03
  1.0000000E-10
  1.0000000E-10
  0.2401751    
  0.5995520    
  0.8311600    
  0.9436759    
  0.9759670    
  0.9676033    
  0.9419257    
  0.9078137    
  0.8674279    
  0.8211271    
  0.7690696    
  0.7115281    
  0.6489450    
  0.5817296    
  0.5108073    
  0.4375310    
  0.3638512    
  0.2926046    
  0.2270904    
  0.1697222    
  0.1220367    
  8.2938954E-02
  4.7547795E-02
  1.0304689E-02
 -2.7097991E-02
 -6.3680939E-02
 -9.9389702E-02
 -0.1334606    
 -0.1643230    
 -0.1902869    
 -0.2100641    
 -0.2229377    
 -0.2287993    
 -0.2280199    
 -0.2212958    
 -0.2094915    
 -0.1935915    
 -0.1745809    
 -0.1534095    
 -0.1310132    
 -0.1069985    
 -8.2149789E-02
 -5.8150347E-02
 -3.5648946E-02
 -1.6958157E-02
 -4.2918371E-03
  2.0893526E-03
  2.5043746E-03
  1.0000000E-10
  1.0000000E-10
  0.2492259    
  0.6138105    
  0.8479661    
  0.9621611    
  0.9942003    
  0.9836639    
  0.9546109    
  0.9165239    
  0.8718988    
  0.8213172    
  0.7651424    
  0.7038398    
  0.6380103    
  0.5683528    
  0.4959210    
  0.4220724    
  0.3487902    
  0.2781724    
  0.2136730    
  0.1582873    
  0.1120337    
  7.3525690E-02
  3.8052212E-02
  1.3123846E-03
 -3.5591878E-02
 -7.1706511E-02
 -0.1067586    
 -0.1397663    
 -0.1690567    
 -0.1929493    
 -0.2102510    
 -0.2204062    
 -0.2234596    
 -0.2199151    
 -0.2105548    
 -0.1962709    
 -0.1780617    
 -0.1568679    
 -0.1336013    
 -0.1091415    
 -8.3689891E-02
 -5.6025088E-02
 -2.8408322E-02
 -4.5997323E-03
  1.2873330E-02
  2.2094311E-02
  2.1621054E-02
  1.0803071E-02
  1.0000000E-10
  1.0000000E-10
  0.2668987    
  0.6402816    
  0.8739815    
  0.9856063    
   1.014112    
  0.9993320    
  0.9654980    
  0.9222113    
  0.8721560    
  0.8165559    
  0.7557569    
  0.6901812    
  0.6210662    
  0.5491895    
  0.4757832    
  0.4020205    
  0.3288354    
  0.2598939    
  0.1982864    
  0.1453330    
  0.1008042    
  6.3118219E-02
  2.7900450E-02
 -7.9672365E-03
 -4.4233177E-02
 -7.9500727E-02
 -0.1134784    
 -0.1448761    
 -0.1719223    
 -0.1930211    
 -0.2071629    
 -0.2140151    
 -0.2138300    
 -0.2072828    
 -0.1952503    
 -0.1786302    
 -0.1584444    
 -0.1355148    
 -0.1106697    
 -8.4673762E-02
 -5.6745712E-02
 -2.5115237E-02
  2.8961215E-03
  2.5686054E-02
  4.1167069E-02
  4.5856006E-02
  3.8035691E-02
  1.7304875E-02
  1.0000000E-10
  1.0000000E-10
  0.2957733    
  0.6822101    
  0.9119725    
   1.016135    
   1.037311    
   1.015431    
  0.9748200    
  0.9248543    
  0.8682523    
  0.8065011    
  0.7403648    
  0.6705082    
  0.5975281    
  0.5237925    
  0.4501016    
  0.3764340    
  0.3042345    
  0.2385944    
  0.1804739    
  0.1305685    
  8.8410273E-02
  5.1951181E-02
  1.7427113E-02
 -1.7453536E-02
 -5.2680515E-02
 -8.6690620E-02
 -0.1189865    
 -0.1480405    
 -0.1720566    
 -0.1896011    
 -0.1999227    
 -0.2029598    
 -0.1992074    
 -0.1895440    
 -0.1749404    
 -0.1562816    
 -0.1346855    
 -0.1106926    
 -8.4855773E-02
 -5.7012800E-02
 -2.3627171E-02
  6.4742053E-03
  3.2012112E-02
  5.1218674E-02
  6.0652912E-02
  5.9185047E-02
  4.5697052E-02
  1.9636644E-02
  1.0000000E-10
  1.0000000E-10
  0.3391837    
  0.7430114    
  0.9644905    
   1.055731    
   1.064545    
   1.032839    
  0.9833435    
  0.9245661    
  0.8595498    
  0.7902601    
  0.7179676    
  0.6436760    
  0.5671494    
  0.4917145    
  0.4186058    
  0.3447380    
  0.2757201    
  0.2141924    
  0.1603055    
  0.1141120    
  7.4817128E-02
  3.9882556E-02
  6.8127923E-03
 -2.6668182E-02
 -6.0395673E-02
 -9.2565224E-02
 -0.1224198    
 -0.1482872    
 -0.1684493    
 -0.1817192    
 -0.1876572    
 -0.1864896    
 -0.1789651    
 -0.1661922    
 -0.1492027    
 -0.1288950    
 -0.1065152    
 -8.1789844E-02
 -5.3438663E-02
 -2.1150868E-02
  7.4112141E-03
  3.2065138E-02
  5.1620774E-02
  6.3699879E-02
  6.7191303E-02
  6.0953081E-02
  4.4402137E-02
  1.8001217E-02
  1.0000000E-10
  1.0000000E-10
  0.4014517    
  0.8265581    
   1.034712    
   1.105037    
   1.097294    
   1.052808    
  0.9912422    
  0.9206529    
  0.8447940    
  0.7663693    
  0.6872098    
  0.6084841    
  0.5294268    
  0.4526074    
  0.3805140    
  0.3078336    
  0.2434454    
  0.1870271    
  0.1381291    
  9.6280850E-02
  6.0195982E-02
  2.7319277E-02
 -3.7616035E-03
 -3.5342712E-02
 -6.6883408E-02
 -9.6362181E-02
 -0.1228260    
 -0.1445819    
 -0.1600953    
 -0.1684935    
 -0.1696715    
 -0.1641065    
 -0.1527758    
 -0.1370678    
 -0.1178990    
 -9.6175894E-02
 -7.3167056E-02
 -4.3809105E-02
 -1.7633168E-02
  4.8274039E-03
  2.5526039E-02
  4.3615546E-02
  5.6950338E-02
  6.3822560E-02
  6.3095920E-02
  5.4124970E-02
  3.7225917E-02
  1.4217259E-02
  1.0000000E-10
  1.0000000E-10
  0.4877629    
  0.9374623    
   1.124192    
   1.165679    
   1.138219    
   1.076659    
  0.9982461    
  0.9115853    
  0.8218005    
  0.7325926    
  0.6462403    
  0.5637239    
  0.4836361    
  0.4062804    
  0.3355242    
  0.2665263    
  0.2080074    
  0.1576721    
  0.1144209    
  7.7332012E-02
  4.4376269E-02
  1.4444011E-02
 -1.4030535E-02
 -4.2966723E-02
 -7.1328111E-02
 -9.7043052E-02
 -0.1190755    
 -0.1358394    
 -0.1460768    
 -0.1492640    
 -0.1456262    
 -0.1358200    
 -0.1209126    
 -0.1024545    
 -8.0973908E-02
 -5.5449471E-02
 -3.0869309E-02
 -1.5144340E-02
 -7.0579146E-04
  1.4916473E-02
  3.0513808E-02
  4.3844324E-02
  5.2825082E-02
  5.5974476E-02
  5.2489586E-02
  4.2658146E-02
  2.7998803E-02
  1.0129533E-02
  1.0000000E-10
  1.0000000E-10
  0.6049818    
   1.082163    
   1.231211    
   1.242452    
   1.191172    
   1.105942    
   1.003173    
  0.8943918    
  0.7870206    
  0.6857506    
  0.5927480    
  0.5081051    
  0.4291056    
  0.3526733    
  0.2842111    
  0.2215125    
  0.1702295    
  0.1268224    
  8.9722060E-02
  5.7291389E-02
  2.8206607E-02
  1.8137853E-03
 -2.3407696E-02
 -4.8701562E-02
 -7.2640419E-02
 -9.3398459E-02
 -0.1100080    
 -0.1211253    
 -0.1258249    
 -0.1239174    
 -0.1158369    
 -0.1022678    
 -8.4128931E-02
 -6.1283931E-02
 -3.3685450E-02
 -2.0169819E-02
 -1.3086190E-02
 -5.4495344E-03
  4.9023451E-03
  1.6904552E-02
  2.8571241E-02
  3.7880015E-02
  4.3256585E-02
  4.3805458E-02
  3.9417230E-02
  3.0849226E-02
  1.9469138E-02
  6.7156372E-03
  1.0000000E-10
  1.0000000E-10
  0.7595857    
   1.260307    
   1.361856    
   1.341881    
   1.261977    
   1.142722    
   1.002959    
  0.8635438    
  0.7348620    
  0.6215305    
  0.5240711    
  0.4404650    
  0.3655092    
  0.2920922    
  0.2273300    
  0.1738893    
  0.1310542    
  9.5313594E-02
  6.4271323E-02
  3.6567423E-02
  1.2208655E-02
 -9.8874858E-03
 -3.0850850E-02
 -5.1182993E-02
 -6.9470085E-02
 -8.4267974E-02
 -9.4796896E-02
 -0.1000606    
 -9.9476159E-02
 -9.3122251E-02
 -8.1131935E-02
 -6.2899143E-02
 -3.9171696E-02
 -1.9153051E-02
 -1.1112282E-02
 -8.9706788E-03
 -6.3481466E-03
 -1.3496835E-03
  6.1887596E-03
  1.4934844E-02
  2.3144411E-02
  2.9238047E-02
  3.2137159E-02
  3.1409439E-02
  2.7301181E-02
  2.0643666E-02
  1.2563064E-02
  4.1316226E-03
  1.0000000E-10
  1.0000000E-10
  0.9627426    
   1.470221    
   1.523869    
   1.474172    
   1.362028    
   1.192058    
  0.9910333    
  0.8097186    
  0.6576287    
  0.5351371    
  0.4379329    
  0.3602268    
  0.2929722    
  0.2239635    
  0.1671722    
  0.1252273    
  9.2028439E-02
  6.3246123E-02
  3.8110305E-02
  1.6599102E-02
 -2.1382286E-03
 -1.8853307E-02
 -3.4192577E-02
 -4.8221614E-02
 -5.9820000E-02
 -6.8252787E-02
 -7.2712988E-02
 -7.2371848E-02
 -6.6728629E-02
 -5.5923712E-02
 -4.0439632E-02
 -2.2961058E-02
 -1.1009002E-02
 -4.8673418E-03
 -3.3156811E-03
 -3.8884750E-03
 -3.1057033E-03
 -5.1869101E-05
  4.9660997E-03
  1.0823208E-02
  1.6186208E-02
  1.9920645E-02
  2.1337785E-02
  2.0283625E-02
  1.7101604E-02
  1.2489765E-02
  7.2778924E-03
  2.2316116E-03
  1.0000000E-10
  1.0000000E-10
   1.221833    
   1.710704    
   1.720168    
   1.643374    
   1.501571    
   1.267105    
  0.9513294    
  0.7140965    
  0.5414757    
  0.4184750    
  0.3303831    
  0.2659040    
  0.2113602    
  0.1511974    
  0.1076857    
  7.6714933E-02
  5.1707759E-02
  3.1295031E-02
  1.4348947E-02
  1.2881595E-04
 -1.1823847E-02
 -2.1926634E-02
 -3.0503701E-02
 -3.7566539E-02
 -4.2530302E-02
 -4.4786740E-02
 -4.3794498E-02
 -3.9481685E-02
 -3.2112319E-02
 -2.2591708E-02
 -1.2759689E-02
 -5.9719444E-03
 -1.7943039E-03
 -4.4967946E-05
 -4.5482069E-04
 -1.5408822E-03
 -1.5760983E-03
 -6.3504172E-05
  2.7512624E-03
  6.1392495E-03
  9.2349174E-03
  1.1313312E-02
  1.1961293E-02
  1.1133828E-02
  9.1043040E-03
  6.3493620E-03
  3.4229204E-03
  8.7515503E-04
  1.0000000E-10
  1.0000000E-10
   1.546551    
   1.976457    
   1.955437    
   1.885521    
   1.767042    
   1.466337    
  0.8333259    
  0.5479985    
  0.3818004    
  0.2796671    
  0.2136653    
  0.1686535    
  0.1276615    
  7.3601231E-02
  4.6489727E-02
  2.9695371E-02
  1.7141040E-02
  7.0289853E-03
 -1.1549160E-03
 -7.5914152E-03
 -1.2471296E-02
 -1.6024074E-02
 -1.8462017E-02
 -1.9941064E-02
 -2.0313494E-02
 -1.9294869E-02
 -1.6760727E-02
 -1.3178468E-02
 -9.0277689E-03
 -4.9453275E-03
 -2.0096744E-03
 -3.9451936E-04
  5.6940806E-04
  8.3938305E-04
  2.8949557E-04
 -4.5948915E-04
 -7.1267091E-04
 -2.4935408E-04
  8.4496039E-04
  2.2575450E-03
  3.5883901E-03
  4.4854465E-03
  4.7453917E-03
  4.3455539E-03
  3.4186190E-03
  2.1954169E-03
  9.6053537E-04
  6.4987325E-05
  1.0000000E-10
  1.0000000E-10
   1.851994    
   2.213920    
   2.170115    
   2.087652    
   1.903406    
   1.381901    
  0.5567397    
  0.2741150    
  0.1445771    
  8.1148557E-02
  4.6346597E-02
  2.4418512E-02
  2.9555904E-03
 -5.8663902E-03
 -5.0038127E-03
 -4.5453869E-03
 -5.1910039E-03
 -6.0079610E-03
 -6.5197726E-03
 -6.5856026E-03
 -6.2667136E-03
 -5.6898054E-03
 -4.9745478E-03
 -4.2637796E-03
 -3.4571965E-03
 -2.3747236E-03
 -1.1264406E-03
 -9.6766693E-05
  4.1995308E-04
  6.8313186E-04
  7.1438681E-04
  5.6726992E-04
  4.9515878E-04
  4.1957214E-04
  2.2342008E-04
 -1.3427749E-05
 -1.6882365E-04
 -1.9765312E-04
 -9.1786671E-05
  1.1068270E-04
  3.3730175E-04
  5.0875166E-04
  5.7150976E-04
  5.0945772E-04
  3.4136581E-04
  1.0688905E-04
 -1.2863542E-04
 -2.1523891E-04
  1.0000000E-10
  1.0000000E-10
   2.307706    
   2.307706    
   2.307706    
   2.307706    
   2.307706    
   2.307706    
  1.0000000E-10
  1.0000000E-10
  1.0000000E-10
  1.0000000E-10
  1.0000000E-10
  1.0000000E-10
  1.0000000E-10
  1.0000000E-10
  1.0000000E-10
  1.0000000E-10
  1.0000000E-10
  1.0000000E-10
  1.0000000E-10
  1.0000000E-10
  1.0000000E-10
  1.0000000E-10
  1.0000000E-10
  1.0000000E-10
  1.0000000E-10
  1.0000000E-10
  1.0000000E-10
  1.0000000E-10
  1.0000000E-10
  1.0000000E-10
  1.0000000E-10
  1.0000000E-10
  1.0000000E-10
  1.0000000E-10
  1.0000000E-10
  1.0000000E-10
  1.0000000E-10
  1.0000000E-10
  1.0000000E-10
  1.0000000E-10
  1.0000000E-10
  1.0000000E-10
  1.0000000E-10
  1.0000000E-10
  1.0000000E-10
  1.0000000E-10
  1.0000000E-10
  1.0000000E-10
  1.0000000E-10
