  1.0000000E-10
  1.0000000E-10
  1.0000000E-10
  1.0000000E-10
  1.0000000E-10
  1.0000000E-10
  1.0000000E-10
  1.0000000E-10
  1.0000000E-10
  1.0000000E-10
  1.0000000E-10
  1.0000000E-10
  1.0000000E-10
  1.0000000E-10
  1.0000000E-10
  1.0000000E-10
  1.0000000E-10
  1.0000000E-10
  1.0000000E-10
  1.0000000E-10
  1.0000000E-10
  1.0000000E-10
  1.0000000E-10
  1.0000000E-10
  1.0000000E-10
  1.0000000E-10
  1.0000000E-10
  1.0000000E-10
  1.0000000E-10
  1.0000000E-10
  1.0000000E-10
  1.0000000E-10
  1.0000000E-10
  1.0000000E-10
  1.0000000E-10
  1.0000000E-10
  1.0000000E-10
  1.0000000E-10
  1.0000000E-10
  1.0000000E-10
  1.0000000E-10
  1.0000000E-10
  1.0000000E-10
  1.0000000E-10
  1.0000000E-10
  1.0000000E-10
  1.0000000E-10
  1.0000000E-10
  1.0000000E-10
  1.0000000E-10
  1.0000000E-10
 -0.2260716    
 -0.3393117    
 -0.4153194    
 -0.5071699    
 -0.7199812    
  -1.083389    
  -1.064360    
 -0.5905357    
 -0.3283331    
 -0.1432119    
  8.7733613E-03
  0.1022364    
  0.1598782    
  0.1981881    
  0.2201219    
  0.2282343    
  0.2249796    
  0.2129653    
  0.1947581    
  0.1726388    
  0.1483512    
  0.1229586    
  9.7066022E-02
  7.0973985E-02
  4.6028335E-02
  2.4266036E-02
  8.1372755E-03
 -2.6137743E-03
 -8.7035932E-03
 -1.1545922E-02
 -1.2335945E-02
 -1.2126882E-02
 -1.1294467E-02
 -1.0491813E-02
 -1.0225639E-02
 -1.0476338E-02
 -1.0849398E-02
 -1.0940680E-02
 -1.0474867E-02
 -9.3762763E-03
 -7.7614295E-03
 -5.8681108E-03
 -3.9749593E-03
 -2.3239153E-03
 -1.0739228E-03
 -2.9390270E-04
  4.1568277E-05
  8.9823887E-05
  1.0000000E-10
  1.0000000E-10
 -0.1024933    
 -0.2435887    
 -0.3587264    
 -0.4697893    
 -0.6096150    
 -0.7351185    
 -0.7089714    
 -0.5264571    
 -0.3469694    
 -0.1864268    
 -4.1075457E-02
  9.2945643E-02
  0.1923464    
  0.2692907    
  0.3272777    
  0.3680593    
  0.3930786    
  0.4037932    
  0.4015317    
  0.3875232    
  0.3628306    
  0.3282427    
  0.2844100    
  0.2319155    
  0.1746709    
  0.1187671    
  6.9595188E-02
  2.9907985E-02
  2.9532465E-03
 -1.3519431E-02
 -2.1657167E-02
 -2.5122348E-02
 -2.5749074E-02
 -2.5456280E-02
 -2.5618695E-02
 -2.6370032E-02
 -2.7007107E-02
 -2.6806284E-02
 -2.5333505E-02
 -2.2560740E-02
 -1.8797617E-02
 -1.4543094E-02
 -1.0333086E-02
 -6.6156234E-03
 -3.6813412E-03
 -1.6459342E-03
 -4.7526660E-04
  9.2886376E-06
  1.0000000E-10
  1.0000000E-10
 -5.8647893E-02
 -0.1805240    
 -0.2843473    
 -0.3740011    
 -0.4616815    
 -0.5158310    
 -0.4925972    
 -0.4002729    
 -0.2865332    
 -0.1705835    
 -5.7359736E-02
  4.9537685E-02
  0.1486310    
  0.2285795    
  0.2979846    
  0.3545731    
  0.3978850    
  0.4287989    
  0.4478533    
  0.4552333    
  0.4507543    
  0.4337653    
  0.4032060    
  0.3576095    
  0.2991222    
  0.2336908    
  0.1669096    
  0.1045200    
  5.2195024E-02
  1.0504304E-02
 -1.2889124E-02
 -2.5472207E-02
 -3.1275257E-02
 -3.3678066E-02
 -3.5275009E-02
 -3.6828160E-02
 -3.7776709E-02
 -3.7422903E-02
 -3.5359554E-02
 -3.1633243E-02
 -2.6643969E-02
 -2.0993151E-02
 -1.5322407E-02
 -1.0187740E-02
 -5.9773186E-03
 -2.8852897E-03
 -9.4571325E-04
 -4.0881321E-05
  1.0000000E-10
  1.0000000E-10
 -3.8237900E-02
 -0.1329163    
 -0.2210700    
 -0.2873687    
 -0.3404627    
 -0.3665717    
 -0.3519569    
 -0.2997324    
 -0.2259188    
 -0.1432156    
 -5.5488881E-02
  2.8604388E-02
  0.1152770    
  0.1872136    
  0.2501958    
  0.3044908    
  0.3511939    
  0.3887015    
  0.4176538    
  0.4382136    
  0.4499515    
  0.4517163    
  0.4415655    
  0.4165678    
  0.3761316    
  0.3239963    
  0.2636228    
  0.1987532    
  0.1328539    
  7.2380506E-02
  2.2297859E-02
 -8.0859903E-03
 -2.4901647E-02
 -3.3289269E-02
 -3.7891049E-02
 -4.1017838E-02
 -4.2830698E-02
 -4.2971183E-02
 -4.1127983E-02
 -3.7360344E-02
 -3.2049086E-02
 -2.5793679E-02
 -1.9276384E-02
 -1.3146984E-02
 -7.9213921E-03
 -3.9276187E-03
 -1.3225236E-03
 -6.5884604E-05
  1.0000000E-10
  1.0000000E-10
 -2.6610702E-02
 -9.5080249E-02
 -0.1657668    
 -0.2147050    
 -0.2485598    
 -0.2627710    
 -0.2532448    
 -0.2210387    
 -0.1720040    
 -0.1132172    
 -4.6140321E-02
  1.9655278E-02
  9.0941019E-02
  0.1541104    
  0.2102023    
  0.2582603    
  0.2990935    
  0.3352416    
  0.3651632    
  0.3895873    
  0.4085971    
  0.4214470    
  0.4264305    
  0.4201505    
  0.3997055    
  0.3664412    
  0.3227785    
  0.2716448    
  0.2159731    
  0.1572928    
  9.7974442E-02
  4.0570375E-02
  3.8968338E-04
 -2.0583602E-02
 -3.1523544E-02
 -3.7966833E-02
 -4.1724686E-02
 -4.3351199E-02
 -4.2752117E-02
 -3.9964255E-02
 -3.5272580E-02
 -2.9205706E-02
 -2.2442764E-02
 -1.5718753E-02
 -9.7041652E-03
 -4.9172128E-03
 -1.6898044E-03
 -9.4214403E-05
  1.0000000E-10
  1.0000000E-10
 -1.8391112E-02
 -6.5948285E-02
 -0.1192703    
 -0.1563485    
 -0.1789404    
 -0.1873564    
 -0.1807353    
 -0.1596055    
 -0.1262634    
 -8.4225699E-02
 -3.3816747E-02
  1.7766220E-02
  7.3553294E-02
  0.1272256    
  0.1752989    
  0.2171704    
  0.2526462    
  0.2830539    
  0.3105021    
  0.3340565    
  0.3544309    
  0.3715729    
  0.3845763    
  0.3906331    
  0.3857550    
  0.3691627    
  0.3419333    
  0.3059264    
  0.2633345    
  0.2161516    
  0.1664685    
  0.1151587    
  6.3310750E-02
  1.3180790E-02
 -1.1795386E-02
 -2.5515573E-02
 -3.3229869E-02
 -3.7665118E-02
 -3.9425720E-02
 -3.8672924E-02
 -3.5616029E-02
 -3.0671818E-02
 -2.4456404E-02
 -1.7732257E-02
 -1.1303543E-02
 -5.9004654E-03
 -2.0932481E-03
 -1.4386686E-04
  1.0000000E-10
  1.0000000E-10
 -1.2201608E-02
 -4.4765644E-02
 -8.1814677E-02
 -0.1097090    
 -0.1255556    
 -0.1308788    
 -0.1260993    
 -0.1117194    
 -8.8643014E-02
 -5.8071196E-02
 -2.1207158E-02
  1.8798806E-02
  6.1681438E-02
  0.1052515    
  0.1449700    
  0.1800862    
  0.2101647    
  0.2356491    
  0.2587438    
  0.2798831    
  0.2990724    
  0.3167642    
  0.3327734    
  0.3458575    
  0.3516044    
  0.3478087    
  0.3343946    
  0.3121887    
  0.2825848    
  0.2472379    
  0.2079324    
  0.1660612    
  0.1229356    
  7.9388641E-02
  3.3881802E-02
  2.3164195E-03
 -1.4094202E-02
 -2.3651324E-02
 -2.9173793E-02
 -3.1600136E-02
 -3.1289384E-02
 -2.8601978E-02
 -2.4029490E-02
 -1.8300354E-02
 -1.2218504E-02
 -6.6602533E-03
 -2.4769721E-03
 -2.2010325E-04
  1.0000000E-10
  1.0000000E-10
 -7.9171164E-03
 -2.9430142E-02
 -5.4092746E-02
 -7.2849758E-02
 -8.4095113E-02
 -8.7682582E-02
 -8.4302001E-02
 -7.4423008E-02
 -5.8170743E-02
 -3.6199808E-02
 -9.2506129E-03
  2.0847917E-02
  5.3096574E-02
  8.7049805E-02
  0.1187155    
  0.1469951    
  0.1714276    
  0.1925560    
  0.2109708    
  0.2294488    
  0.2467625    
  0.2634583    
  0.2797221    
  0.2958462    
  0.3078679    
  0.3128722    
  0.3099582    
  0.2990876    
  0.2809075    
  0.2565519    
  0.2274448    
  0.1949926    
  0.1605313    
  0.1253403    
  8.9696348E-02
  5.5002049E-02
  2.2697190E-02
  3.0528111E-03
 -8.8625289E-03
 -1.6118435E-02
 -1.9891284E-02
 -2.0769605E-02
 -1.9120762E-02
 -1.5784936E-02
 -1.1360514E-02
 -6.6503286E-03
 -2.6559823E-03
 -3.1301018E-04
  1.0000000E-10
  1.0000000E-10
 -5.0102961E-03
 -1.8408217E-02
 -3.3637010E-02
 -4.5108326E-02
 -5.2072156E-02
 -5.4389294E-02
 -5.2110977E-02
 -4.5364551E-02
 -3.4132317E-02
 -1.8560920E-02
  7.5278315E-04
  2.2781849E-02
  4.6368409E-02
  7.1705386E-02
  9.5988162E-02
  0.1177740    
  0.1367745    
  0.1536565    
  0.1690734    
  0.1839554    
  0.1995694    
  0.2147908    
  0.2299492    
  0.2463053    
  0.2611479    
  0.2713832    
  0.2756636    
  0.2733113    
  0.2643547    
  0.2494176    
  0.2295266    
  0.2058807    
  0.1797204    
  0.1523146    
  0.1244951    
  9.7011864E-02
  7.1223617E-02
  4.4655792E-02
  2.3808734E-02
  9.6946610E-03
  1.7623582E-04
 -5.7659852E-03
 -8.6618876E-03
 -9.0282727E-03
 -7.5981049E-03
 -5.0416375E-03
 -2.2776485E-03
 -3.7187670E-04
  1.0000000E-10
  1.0000000E-10
 -3.1047782E-03
 -1.0605210E-02
 -1.8652081E-02
 -2.4425415E-02
 -2.7936809E-02
 -2.9077681E-02
 -2.7570302E-02
 -2.3149915E-02
 -1.5646899E-02
 -5.0468603E-03
  8.3395289E-03
  2.3888497E-02
  4.0573359E-02
  5.8488365E-02
  7.6214194E-02
  9.2195667E-02
  0.1063154    
  0.1194224    
  0.1322571    
  0.1449486    
  0.1588731    
  0.1725134    
  0.1859418    
  0.2001525    
  0.2153402    
  0.2279039    
  0.2364372    
  0.2398644    
  0.2377500    
  0.2302847    
  0.2181179    
  0.2021651    
  0.1834611    
  0.1630900    
  0.1419593    
  0.1207434    
  0.1003019    
  8.0492787E-02
  6.0673017E-02
  4.1435834E-02
  2.6611974E-02
  1.5374729E-02
  7.0681958E-03
  1.9674273E-03
 -6.5252971E-04
 -1.4148881E-03
 -1.0084261E-03
 -3.0048171E-04
  1.0000000E-10
  1.0000000E-10
 -1.8548528E-03
 -5.0929501E-03
 -7.7614873E-03
 -9.1922423E-03
 -1.0089251E-02
 -1.0345215E-02
 -9.4338041E-03
 -6.8260357E-03
 -2.1987637E-03
  4.5819301E-03
  1.3362204E-02
  2.3747314E-02
  3.5039239E-02
  4.6873774E-02
  5.8862608E-02
  6.9918223E-02
  7.9946153E-02
  8.9941211E-02
  0.1006276    
  0.1121382    
  0.1238415    
  0.1363906    
  0.1480769    
  0.1598587    
  0.1731648    
  0.1855493    
  0.1957328    
  0.2024121    
  0.2048085    
  0.2027598    
  0.1965792    
  0.1868841    
  0.1744525    
  0.1601264    
  0.1446763    
  0.1287006    
  0.1128036    
  9.7214639E-02
  8.1910633E-02
  6.6176489E-02
  4.9986538E-02
  3.6142945E-02
  2.4544198E-02
  1.5042535E-02
  8.1528798E-03
  3.5771385E-03
  9.8357105E-04
 -7.2438364E-05
  1.0000000E-10
  1.0000000E-10
 -1.0068574E-03
 -1.1556803E-03
  1.0853984E-04
  1.7965955E-03
  2.6845599E-03
  2.9238029E-03
  3.2486119E-03
  4.3833433E-03
  6.7543206E-03
  1.0568406E-02
  1.5763538E-02
  2.2097690E-02
  2.9136535E-02
  3.6400441E-02
  4.3552276E-02
  5.0513595E-02
  5.7239011E-02
  6.4726576E-02
  7.3633514E-02
  8.3964877E-02
  9.4444200E-02
  0.1055229    
  0.1154060    
  0.1246938    
  0.1351433    
  0.1456891    
  0.1555138    
  0.1633276    
  0.1681575    
  0.1695865    
  0.1676490    
  0.1626846    
  0.1552086    
  0.1458126    
  0.1350698    
  0.1234481    
  0.1113779    
  9.9132203E-02
  8.6826101E-02
  7.4533716E-02
  6.1249204E-02
  4.8183169E-02
  3.5879225E-02
  2.4866136E-02
  1.5422761E-02
  7.9712747E-03
  2.8470454E-03
  2.0140187E-04
  1.0000000E-10
  1.0000000E-10
 -3.9697037E-04
  1.7058935E-03
  5.7372870E-03
  9.4440849E-03
  1.1312878E-02
  1.1613606E-02
  1.1264215E-02
  1.1122202E-02
  1.1665350E-02
  1.3137992E-02
  1.5531056E-02
  1.8713683E-02
  2.2420647E-02
  2.6270745E-02
  2.9939068E-02
  3.3553664E-02
  3.7496094E-02
  4.2794231E-02
  4.9943216E-02
  5.8657344E-02
  6.7739412E-02
  7.6534688E-02
  8.5037284E-02
  9.2282392E-02
  9.9984355E-02
  0.1080310    
  0.1162859    
  0.1237161    
  0.1293416    
  0.1326206    
  0.1333911    
  0.1317617    
  0.1280082    
  0.1224911    
  0.1155842    
  0.1076128    
  9.8876208E-02
  8.9601584E-02
  7.9935685E-02
  7.0202842E-02
  5.9801720E-02
  4.9200397E-02
  3.8304154E-02
  2.7638335E-02
  1.7935760E-02
  9.7186659E-03
  3.6614805E-03
  3.4850463E-04
  1.0000000E-10
  1.0000000E-10
  7.9267091E-05
  3.8194011E-03
  9.6532563E-03
  1.4395620E-02
  1.6488129E-02
  1.6405582E-02
  1.5228350E-02
  1.3890231E-02
  1.2873331E-02
  1.2437774E-02
  1.2604819E-02
  1.3331614E-02
  1.4476054E-02
  1.5791878E-02
  1.7035389E-02
  1.8290304E-02
  1.9967822E-02
  2.3027729E-02
  2.7919464E-02
  3.4314346E-02
  4.1298822E-02
  4.7543902E-02
  5.4576170E-02
  6.0135297E-02
  6.5637238E-02
  7.1196675E-02
  7.7389412E-02
  8.3564714E-02
  8.8900164E-02
  9.2866540E-02
  9.5197186E-02
  9.5827475E-02
  9.4836198E-02
  9.2381589E-02
  8.8657111E-02
  8.3844081E-02
  7.8150205E-02
  7.1783513E-02
  6.4895660E-02
  5.7588115E-02
  4.9943469E-02
  4.1836843E-02
  3.3256084E-02
  2.4551963E-02
  1.6169243E-02
  8.8309636E-03
  3.3525615E-03
  3.2843894E-04
  1.0000000E-10
  1.0000000E-10
  4.9150229E-04
  5.3863544E-03
  1.2179873E-02
  1.7065533E-02
  1.8679315E-02
  1.7771099E-02
  1.5558094E-02
  1.2999451E-02
  1.0543078E-02
  8.4568253E-03
  6.7842980E-03
  5.5651576E-03
  4.7579743E-03
  4.2364444E-03
  3.7910948E-03
  3.4001491E-03
  3.2460103E-03
  4.0083965E-03
  6.1717620E-03
  9.5486622E-03
  1.3523612E-02
  1.7137764E-02
  2.1857549E-02
  2.5798550E-02
  2.9827373E-02
  3.3176120E-02
  3.7285738E-02
  4.1919366E-02
  4.6501197E-02
  5.0597761E-02
  5.3889558E-02
  5.6189466E-02
  5.7421982E-02
  5.7578906E-02
  5.6698468E-02
  5.4860130E-02
  5.2140199E-02
  4.8723027E-02
  4.4762690E-02
  4.0260628E-02
  3.5221439E-02
  2.9678749E-02
  2.3755182E-02
  1.7626688E-02
  1.1643788E-02
  6.3488334E-03
  2.3723827E-03
  2.1165378E-04
  1.0000000E-10
  1.0000000E-10
  8.8891678E-04
  6.5079643E-03
  1.3460743E-02
  1.7650062E-02
  1.8119611E-02
  1.5937231E-02
  1.2418522E-02
  8.5011143E-03
  4.5728204E-03
  9.1626367E-04
 -2.4031447E-03
 -5.2530202E-03
 -7.5863851E-03
 -9.4092768E-03
 -1.0936452E-02
 -1.2430677E-02
 -1.4207673E-02
 -1.5976472E-02
 -1.7014368E-02
 -1.7132740E-02
 -1.6696474E-02
 -1.6117800E-02
 -1.4409538E-02
 -1.2271746E-02
 -9.6582910E-03
 -8.2536172E-03
 -5.9678140E-03
 -2.6590815E-03
  1.3548110E-03
  5.7152580E-03
  1.0009458E-02
  1.3958043E-02
  1.7387161E-02
  2.0133875E-02
  2.2108881E-02
  2.3308791E-02
  2.3717886E-02
  2.3393210E-02
  2.2418050E-02
  2.0804269E-02
  1.8575445E-02
  1.5803566E-02
  1.2636201E-02
  9.2878137E-03
  6.0412446E-03
  3.2162666E-03
  1.1641716E-03
  8.0339632E-05
  1.0000000E-10
  1.0000000E-10
  1.3082456E-03
  7.1866619E-03
  1.3457126E-02
  1.6110282E-02
  1.4769829E-02
  1.0823821E-02
  5.6318715E-03
  7.2602939E-05
 -5.5429228E-03
 -1.0893548E-02
 -1.5885951E-02
 -2.0265745E-02
 -2.3901802E-02
 -2.6634764E-02
 -2.8686993E-02
 -3.0701650E-02
 -3.3755403E-02
 -3.8186815E-02
 -4.2888060E-02
 -4.7072943E-02
 -5.0590113E-02
 -5.3447392E-02
 -5.5179287E-02
 -5.5458680E-02
 -5.5158339E-02
 -5.4987505E-02
 -5.3794879E-02
 -5.1021617E-02
 -4.6818346E-02
 -4.1515127E-02
 -3.5499133E-02
 -2.9336723E-02
 -2.3290839E-02
 -1.7667642E-02
 -1.2635038E-02
 -8.2530631E-03
 -4.6128808E-03
 -1.7453233E-03
  3.6579248E-04
  1.7265738E-03
  2.3783478E-03
  2.4165923E-03
  2.0158351E-03
  1.3955745E-03
  7.7310804E-04
  3.0629674E-04
  5.8095597E-05
 -2.2388800E-05
  1.0000000E-10
  1.0000000E-10
  1.7703975E-03
  7.3008449E-03
  1.1915146E-02
  1.2123663E-02
  8.2429498E-03
  1.9353302E-03
 -5.4660323E-03
 -1.3166337E-02
 -2.0940155E-02
 -2.8373143E-02
 -3.5326771E-02
 -4.1355327E-02
 -4.6264093E-02
 -4.9649816E-02
 -5.1666141E-02
 -5.3436328E-02
 -5.6998428E-02
 -6.3706018E-02
 -7.2360188E-02
 -8.1053458E-02
 -8.8917851E-02
 -9.5769316E-02
 -0.1014279    
 -0.1046893    
 -0.1066090    
 -0.1068953    
 -0.1056123    
 -0.1021466    
 -9.6639842E-02
 -8.9417480E-02
 -8.0930553E-02
 -7.1809113E-02
 -6.2519222E-02
 -5.3503554E-02
 -4.4862453E-02
 -3.7121437E-02
 -3.0114399E-02
 -2.3944750E-02
 -1.8683990E-02
 -1.4341475E-02
 -1.0863305E-02
 -8.1338566E-03
 -5.9852409E-03
 -4.2487364E-03
 -2.7991873E-03
 -1.5859185E-03
 -6.4871478E-04
 -8.8918096E-05
  1.0000000E-10
  1.0000000E-10
  2.2553063E-03
  6.5492848E-03
  8.3025144E-03
  5.0069024E-03
 -2.2975847E-03
 -1.1777749E-02
 -2.2209985E-02
 -3.2886811E-02
 -4.3663289E-02
 -5.3932875E-02
 -6.3486941E-02
 -7.1533717E-02
 -7.7881582E-02
 -8.1958495E-02
 -8.3772302E-02
 -8.4448613E-02
 -8.6791366E-02
 -9.4026893E-02
 -0.1059194    
 -0.1192428    
 -0.1316930    
 -0.1425942    
 -0.1517866    
 -0.1576219    
 -0.1609234    
 -0.1609720    
 -0.1584394    
 -0.1530436    
 -0.1450645    
 -0.1349165    
 -0.1231617    
 -0.1104777    
 -9.7455442E-02
 -8.4605232E-02
 -7.2289631E-02
 -6.0912054E-02
 -5.0217353E-02
 -4.0964141E-02
 -3.2778975E-02
 -2.5827397E-02
 -2.0020861E-02
 -1.5193028E-02
 -1.1150022E-02
 -7.7240630E-03
 -4.8284363E-03
 -2.4932965E-03
 -8.6038408E-04
 -4.4816508E-05
  1.0000000E-10
  1.0000000E-10
  2.6237224E-03
  4.3573058E-03
  1.7329109E-03
 -6.3462104E-03
 -1.8198453E-02
 -3.1990483E-02
 -4.6693847E-02
 -6.1638933E-02
 -7.6739751E-02
 -9.1015078E-02
 -0.1042754    
 -0.1157549    
 -0.1248226    
 -0.1307294    
 -0.1330151    
 -0.1321298    
 -0.1305695    
 -0.1332279    
 -0.1437217    
 -0.1598124    
 -0.1765532    
 -0.1912240    
 -0.2022170    
 -0.2096045    
 -0.2130184    
 -0.2121241    
 -0.2075405    
 -0.1993920    
 -0.1881630    
 -0.1744269    
 -0.1588673    
 -0.1422094    
 -0.1251024    
 -0.1080871    
 -9.1606349E-02
 -7.6056115E-02
 -6.1472531E-02
 -4.8116777E-02
 -3.6597498E-02
 -2.6586272E-02
 -1.8230207E-02
 -1.1512096E-02
 -6.4097405E-03
 -2.8877161E-03
 -8.4943802E-04
 -3.4269935E-05
  5.9945163E-05
 -1.9630218E-06
  1.0000000E-10
  1.0000000E-10
  2.4591270E-03
 -1.9470390E-04
 -9.0230163E-03
 -2.3382917E-02
 -4.1179959E-02
 -6.0830336E-02
 -8.1569768E-02
 -0.1026046    
 -0.1236507    
 -0.1443391    
 -0.1640415    
 -0.1819271    
 -0.1969917    
 -0.2080876    
 -0.2140735    
 -0.2142041    
 -0.2089804    
 -0.2014254    
 -0.1975571    
 -0.2032475    
 -0.2182779    
 -0.2341141    
 -0.2469403    
 -0.2552481    
 -0.2579153    
 -0.2554774    
 -0.2482649    
 -0.2368188    
 -0.2218283    
 -0.2040522    
 -0.1843155    
 -0.1634415    
 -0.1421766    
 -0.1211416    
 -0.1008269    
 -8.1638299E-02
 -6.3745640E-02
 -4.7316484E-02
 -3.3779025E-02
 -2.2161758E-02
 -1.2831081E-02
 -5.7586771E-03
 -8.2567398E-04
  2.1510033E-03
  3.4239001E-03
  3.2827663E-03
  2.0955240E-03
  6.3737069E-04
  1.0000000E-10
  1.0000000E-10
  1.0377415E-03
 -8.0342786E-03
 -2.4963286E-02
 -4.7210805E-02
 -7.2752260E-02
 -0.1005861    
 -0.1290085    
 -0.1587603    
 -0.1892357    
 -0.2199915    
 -0.2503838    
 -0.2795750    
 -0.3065014    
 -0.3298497    
 -0.3480533    
 -0.3593593    
 -0.3621056    
 -0.3553814    
 -0.3399702    
 -0.3189369    
 -0.2977408    
 -0.2869452    
 -0.2845059    
 -0.2876846    
 -0.2877891    
 -0.2836714    
 -0.2746580    
 -0.2611817    
 -0.2440646    
 -0.2242749    
 -0.2028465    
 -0.1808025    
 -0.1590913    
 -0.1384925    
 -0.1194722    
 -0.1023883    
 -8.8935286E-02
 -7.6931328E-02
 -6.6176102E-02
 -5.6517571E-02
 -4.7775418E-02
 -3.9544411E-02
 -3.1731665E-02
 -2.4238128E-02
 -1.7064011E-02
 -1.0557180E-02
 -5.6563150E-03
 -1.8237142E-03
  1.0000000E-10
  1.0000000E-10
 -1.7340445E-03
 -1.8215904E-02
 -4.4343244E-02
 -7.6222897E-02
 -0.1121354    
 -0.1486787    
 -0.1880919    
 -0.2295040    
 -0.2728817    
 -0.3180051    
 -0.3645862    
 -0.4122406    
 -0.4604849    
 -0.5087293    
 -0.5562745    
 -0.6022927    
 -0.6458549    
 -0.6860406    
 -0.7220896    
 -0.7536156    
 -0.7803143    
 -0.8014041    
 -0.8195690    
 -0.8362309    
 -0.8536988    
 -0.8704354    
 -0.8854515    
 -0.8987872    
 -0.9105926    
 -0.9210831    
 -0.9304770    
 -0.9389594    
 -0.9466687    
 -0.9536982    
 -0.9601073    
 -0.9659117    
 -0.9710016    
 -0.9756197    
 -0.9797428    
 -0.9833902    
 -0.9865860    
 -0.9893645    
 -0.9917624    
 -0.9938325    
 -0.9956446    
 -0.9972516    
 -0.9985773    
 -0.9994339    
  -1.000000    
  1.0000000E-10
 -2.8378561E-03
 -2.4070159E-02
 -5.7360437E-02
 -9.8990396E-02
 -0.1416854    
 -0.1864063    
 -0.2335406    
 -0.2825332    
 -0.3332068    
 -0.3852829    
 -0.4384191    
 -0.4921926    
 -0.5460893    
 -0.5994992    
 -0.6517313    
 -0.7020609    
 -0.7497739    
 -0.7942002    
 -0.8347574    
 -0.8709371    
 -0.9025379    
 -0.9297925    
 -0.9530438    
 -0.9721757    
 -0.9870716    
 -0.9974406    
  -1.003876    
  -1.007438    
  -1.008929    
  -1.009012    
  -1.008220    
  -1.006961    
  -1.005536    
  -1.004151    
  -1.002936    
  -1.001961    
  -1.001237    
  -1.000742    
  -1.000433    
  -1.000266    
  -1.000198    
  -1.000191    
  -1.000214    
  -1.000243    
  -1.000256    
  -1.000233    
  -1.000162    
  -1.000072    
  -1.000000    
  1.0000000E-10
 -2.5383523E-03
 -2.6277581E-02
 -6.3998945E-02
 -0.1098477    
 -0.1532470    
 -0.1989504    
 -0.2461590    
 -0.2946597    
 -0.3443393    
 -0.3950378    
 -0.4465551    
 -0.4986372    
 -0.5509623    
 -0.6031253    
 -0.6546355    
 -0.7049537    
 -0.7534857    
 -0.7995995    
 -0.8426751    
 -0.8821079    
 -0.9173262    
 -0.9478463    
 -0.9732712    
 -0.9931356    
  -1.007229    
  -1.015562    
  -1.019353    
  -1.020089    
  -1.018853    
  -1.016486    
  -1.013609    
  -1.010661    
  -1.007927    
  -1.005568    
  -1.003649    
  -1.002171    
  -1.001092    
  -1.000351    
 -0.9998811    
 -0.9996195    
 -0.9995110    
 -0.9995083    
 -0.9995726    
 -0.9996721    
 -0.9997832    
 -0.9998868    
 -0.9999610    
 -0.9999924    
  -1.000000    
  1.0000000E-10
 -3.2335988E-03
 -2.7949739E-02
 -6.5536909E-02
 -0.1099596    
 -0.1516894    
 -0.1955983    
 -0.2409753    
 -0.2878461    
 -0.3362171    
 -0.3860128    
 -0.4370832    
 -0.4891987    
 -0.5420454    
 -0.5952238    
 -0.6482400    
 -0.7004825    
 -0.7512361    
 -0.7997227    
 -0.8451284    
 -0.8866611    
 -0.9236153    
 -0.9554116    
 -0.9815784    
  -1.001628    
  -1.015392    
  -1.022939    
  -1.025561    
  -1.024819    
  -1.021922    
  -1.017829    
  -1.013259    
  -1.008736    
  -1.004607    
  -1.001085    
 -0.9982694    
 -0.9961733    
 -0.9947411    
 -0.9938767    
 -0.9934741    
 -0.9934410    
 -0.9936973    
 -0.9941493    
 -0.9947667    
 -0.9955395    
 -0.9964750    
 -0.9975809    
 -0.9986797    
 -0.9994100    
  -1.000000    
  1.0000000E-10
 -2.0883069E-03
 -2.0375941E-02
 -4.8596166E-02
 -8.2255781E-02
 -0.1183601    
 -0.1553935    
 -0.1946547    
 -0.2354698    
 -0.2777244    
 -0.3211794    
 -0.3655268    
 -0.4103710    
 -0.4552148    
 -0.4994496    
 -0.5423432    
 -0.5830286    
 -0.6205002    
 -0.6536244    
 -0.6811563    
 -0.7017804    
 -0.7141613    
 -0.7169950    
 -0.7090732    
 -0.6894300    
 -0.6575114    
 -0.6160104    
 -0.5694588    
 -0.5209177    
 -0.4732400    
 -0.4272679    
 -0.3840332    
 -0.3434838    
 -0.3056957    
 -0.2706569    
 -0.2383050    
 -0.2085280    
 -0.1811605    
 -0.1560433    
 -0.1330082    
 -0.1118272    
 -9.2244104E-02
 -7.3924676E-02
 -5.7921153E-02
 -4.3129850E-02
 -2.9679203E-02
 -1.8005658E-02
 -9.0618832E-03
 -2.1068347E-03
  1.0000000E-10
  1.0000000E-10
 -1.5370410E-04
 -1.2629699E-02
 -3.3719052E-02
 -5.9672195E-02
 -8.8871107E-02
 -0.1193390    
 -0.1511879    
 -0.1844649    
 -0.2188177    
 -0.2539515    
 -0.2894787    
 -0.3249117    
 -0.3596475    
 -0.3929550    
 -0.4239640    
 -0.4516618    
 -0.4749002    
 -0.4924274    
 -0.5029485    
 -0.5052360    
 -0.4982930    
 -0.4815631    
 -0.4552331    
 -0.4206561    
 -0.3804126    
 -0.3409731    
 -0.3095232    
 -0.2831261    
 -0.2580659    
 -0.2333681    
 -0.2075812    
 -0.1812706    
 -0.1548898    
 -0.1290529    
 -0.1044203    
 -8.1643783E-02
 -6.0914271E-02
 -4.2632367E-02
 -2.7833553E-02
 -1.5393433E-02
 -5.7581700E-03
  1.1597228E-03
  5.6182202E-03
  7.8482563E-03
  8.0596879E-03
  6.5489155E-03
  3.8087284E-03
  1.0456279E-03
  1.0000000E-10
  1.0000000E-10
  1.0879089E-03
 -6.3358340E-03
 -2.1241881E-02
 -4.1192301E-02
 -6.3998617E-02
 -8.8834822E-02
 -0.1142574    
 -0.1406614    
 -0.1677850    
 -0.1952889    
 -0.2227762    
 -0.2497488    
 -0.2755967    
 -0.2995936    
 -0.3208945    
 -0.3385552    
 -0.3515682    
 -0.3589508    
 -0.3598964    
 -0.3540356    
 -0.3418039    
 -0.3248363    
 -0.3061312    
 -0.2894863    
 -0.2776106    
 -0.2705549    
 -0.2607974    
 -0.2474041    
 -0.2303831    
 -0.2108056    
 -0.1896384    
 -0.1677546    
 -0.1458567    
 -0.1245501    
 -0.1043348    
 -8.5597783E-02
 -6.8545930E-02
 -5.2677210E-02
 -3.9552964E-02
 -2.8183496E-02
 -1.8783567E-02
 -1.1282805E-02
 -5.6443485E-03
 -1.8669921E-03
  1.0103973E-04
  5.6124356E-04
  2.3864230E-04
 -2.8212637E-05
  1.0000000E-10
  1.0000000E-10
  1.6201965E-03
 -1.8509605E-03
 -1.1526756E-02
 -2.6380386E-02
 -4.4219967E-02
 -6.3698418E-02
 -8.4280081E-02
 -0.1050875    
 -0.1263130    
 -0.1476219    
 -0.1686351    
 -0.1888922    
 -0.2078408    
 -0.2248442    
 -0.2391917    
 -0.2501398    
 -0.2569855    
 -0.2592095    
 -0.2567104    
 -0.2501623    
 -0.2413876    
 -0.2333111    
 -0.2286963    
 -0.2277133    
 -0.2269476    
 -0.2226755    
 -0.2143220    
 -0.2029382    
 -0.1889875    
 -0.1732194    
 -0.1563083    
 -0.1389276    
 -0.1216585    
 -0.1050271    
 -8.9467824E-02
 -7.5250030E-02
 -6.2539391E-02
 -5.1135268E-02
 -4.1468710E-02
 -3.3129662E-02
 -2.6098087E-02
 -2.0151827E-02
 -1.5047812E-02
 -1.0590804E-02
 -6.7009497E-03
 -3.4731608E-03
 -1.1799681E-03
 -4.0513522E-05
  1.0000000E-10
  1.0000000E-10
  1.7001594E-03
  1.0050064E-03
 -4.6004583E-03
 -1.5294719E-02
 -2.9151658E-02
 -4.4579431E-02
 -6.0809616E-02
 -7.7532351E-02
 -9.4143070E-02
 -0.1105904    
 -0.1265499    
 -0.1416157    
 -0.1553205    
 -0.1671471    
 -0.1765523    
 -0.1830202    
 -0.1861531    
 -0.1858328    
 -0.1824628    
 -0.1772635    
 -0.1723433    
 -0.1699386    
 -0.1706325    
 -0.1721665    
 -0.1709878    
 -0.1662394    
 -0.1592186    
 -0.1499867    
 -0.1389150    
 -0.1265823    
 -0.1134733    
 -0.1001791    
 -8.7129250E-02
 -7.4743226E-02
 -6.3363537E-02
 -5.2994486E-02
 -4.3880530E-02
 -3.5956658E-02
 -2.9082427E-02
 -2.3271084E-02
 -1.8414576E-02
 -1.4353308E-02
 -1.0897359E-02
 -7.8801541E-03
 -5.2176579E-03
 -2.9367262E-03
 -1.1816596E-03
 -1.5392454E-04
  1.0000000E-10
  1.0000000E-10
  1.4863457E-03
  2.4778633E-03
 -2.6518654E-04
 -7.8096683E-03
 -1.8578159E-02
 -3.0908961E-02
 -4.3873869E-02
 -5.7094265E-02
 -7.0281938E-02
 -8.2961716E-02
 -9.4929278E-02
 -0.1058858    
 -0.1154564    
 -0.1232461    
 -0.1288737    
 -0.1320293    
 -0.1325560    
 -0.1305881    
 -0.1267284    
 -0.1221964    
 -0.1186236    
 -0.1171643    
 -0.1173290    
 -0.1167195    
 -0.1126353    
 -0.1066582    
 -0.1003772    
 -9.2631765E-02
 -8.3755657E-02
 -7.4266449E-02
 -6.4381488E-02
 -5.4677840E-02
 -4.5434181E-02
 -3.6959544E-02
 -2.9527338E-02
 -2.3078609E-02
 -1.7640613E-02
 -1.3176139E-02
 -9.6333306E-03
 -6.9746105E-03
 -5.0984113E-03
 -3.8736553E-03
 -3.0983309E-03
 -2.5297895E-03
 -1.9577292E-03
 -1.2855735E-03
 -5.9249229E-04
 -1.0375601E-04
  1.0000000E-10
  1.0000000E-10
  1.0627075E-03
  2.7478167E-03
  1.6742173E-03
 -3.7490311E-03
 -1.2291582E-02
 -2.2331789E-02
 -3.2850355E-02
 -4.3388944E-02
 -5.3676758E-02
 -6.3393474E-02
 -7.2148576E-02
 -7.9674982E-02
 -8.5733071E-02
 -9.0057671E-02
 -9.2413314E-02
 -9.2667349E-02
 -9.0845458E-02
 -8.7218076E-02
 -8.2385279E-02
 -7.7293567E-02
 -7.2965287E-02
 -6.9914207E-02
 -6.7744181E-02
 -6.4212322E-02
 -5.6038722E-02
 -4.8420336E-02
 -4.2393338E-02
 -3.5242025E-02
 -2.7708206E-02
 -2.0324701E-02
 -1.2995432E-02
 -6.2525347E-03
 -3.1226710E-04
  4.6556792E-03
  8.6242463E-03
  1.1568553E-02
  1.3513168E-02
  1.4518161E-02
  1.4698555E-02
  1.4089889E-02
  1.2807466E-02
  1.0932746E-02
  8.6333705E-03
  6.1571519E-03
  3.8092560E-03
  1.8837688E-03
  5.9987931E-04
  1.4129764E-06
  1.0000000E-10
  1.0000000E-10
  4.6856559E-04
  1.9145054E-03
  1.3098925E-03
 -3.0417514E-03
 -1.0205456E-02
 -1.8675836E-02
 -2.7414367E-02
 -3.5898671E-02
 -4.3830767E-02
 -5.0929077E-02
 -5.6870084E-02
 -6.1346002E-02
 -6.4157382E-02
 -6.5172464E-02
 -6.4288460E-02
 -6.1540850E-02
 -5.7111397E-02
 -5.1365148E-02
 -4.4857264E-02
 -3.8251471E-02
 -3.2062694E-02
 -2.6399083E-02
 -2.1722060E-02
 -1.3500576E-02
 -3.4516656E-03
  5.4424182E-03
  1.2082385E-02
  1.9259240E-02
  2.6087537E-02
  3.2309312E-02
  3.7798792E-02
  4.2220306E-02
  4.5485418E-02
  4.7507387E-02
  4.8293456E-02
  4.7896955E-02
  4.6434101E-02
  4.4027466E-02
  4.0852990E-02
  3.6937129E-02
  3.2461815E-02
  2.7430121E-02
  2.1966558E-02
  1.6300514E-02
  1.0778924E-02
  5.8715851E-03
  2.1911680E-03
  1.8041820E-04
  1.0000000E-10
  1.0000000E-10
 -2.9882166E-04
 -2.2183534E-05
 -1.4046384E-03
 -5.7826322E-03
 -1.2421298E-02
 -1.9989248E-02
 -2.7502377E-02
 -3.4411214E-02
 -4.0375743E-02
 -4.5105491E-02
 -4.8313923E-02
 -4.9746588E-02
 -4.9240146E-02
 -4.6733804E-02
 -4.2276055E-02
 -3.6077220E-02
 -2.8479788E-02
 -1.9956088E-02
 -1.1089928E-02
 -2.3701300E-03
  6.0817013E-03
  1.4579994E-02
  2.1489417E-02
  3.4083940E-02
  4.4670314E-02
  5.4403618E-02
  6.2486917E-02
  7.0153289E-02
  7.6937355E-02
  8.2461655E-02
  8.6497352E-02
  8.8915557E-02
  8.9701451E-02
  8.8898487E-02
  8.6621046E-02
  8.3027348E-02
  7.8301162E-02
  7.2609492E-02
  6.6140153E-02
  5.8966547E-02
  5.1521216E-02
  4.3589439E-02
  3.5184339E-02
  2.6443345E-02
  1.7744318E-02
  9.8449383E-03
  3.7529971E-03
  3.5870183E-04
  1.0000000E-10
  1.0000000E-10
 -1.2888148E-03
 -3.1817809E-03
 -6.6833990E-03
 -1.2257076E-02
 -1.9250002E-02
 -2.6553782E-02
 -3.3311430E-02
 -3.8986783E-02
 -4.3200158E-02
 -4.5633588E-02
 -4.6016362E-02
 -4.4136822E-02
 -3.9893813E-02
 -3.3346754E-02
 -2.4731439E-02
 -1.4455033E-02
 -3.0383717E-03
  8.9765005E-03
  2.0992476E-02
  3.2558072E-02
  4.3559153E-02
  5.4477219E-02
  6.4115368E-02
  7.8063689E-02
  8.9821406E-02
  0.1009055    
  0.1103476    
  0.1185919    
  0.1252250    
  0.1298443    
  0.1322460    
  0.1323973    
  0.1304109    
  0.1264998    
  0.1209441    
  0.1140217    
  0.1060006    
  9.7114123E-02
  8.7518372E-02
  7.7548549E-02
  6.7226857E-02
  5.6517150E-02
  4.5348387E-02
  3.3827510E-02
  2.2539206E-02
  1.2457366E-02
  4.7965869E-03
  4.9307308E-04
  1.0000000E-10
  1.0000000E-10
 -2.6087619E-03
 -7.8295637E-03
 -1.4943480E-02
 -2.2968015E-02
 -3.1230439E-02
 -3.8897205E-02
 -4.5308214E-02
 -4.9971782E-02
 -5.2452944E-02
 -5.2425053E-02
 -4.9673740E-02
 -4.4005707E-02
 -3.5388224E-02
 -2.4072560E-02
 -1.0545745E-02
  4.5432816E-03
  2.0624012E-02
  3.7249673E-02
  5.3386480E-02
  6.8123676E-02
  8.1631064E-02
  9.4434112E-02
  0.1069350    
  0.1215542    
  0.1349332    
  0.1471927    
  0.1573957    
  0.1656117    
  0.1713816    
  0.1743000    
  0.1742242    
  0.1712601    
  0.1657059    
  0.1579774    
  0.1485576    
  0.1378726    
  0.1263196    
  0.1142150    
  0.1017431    
  8.9098059E-02
  7.6391585E-02
  6.2719911E-02
  4.8957642E-02
  3.5448965E-02
  2.3056451E-02
  1.2506846E-02
  4.7079963E-03
  4.3763631E-04
  1.0000000E-10
  1.0000000E-10
 -4.4392799E-03
 -1.4413306E-02
 -2.6850486E-02
 -3.8683243E-02
 -4.9186669E-02
 -5.7838745E-02
 -6.4225569E-02
 -6.7954890E-02
 -6.8541653E-02
 -6.5650307E-02
 -5.9166111E-02
 -4.8982613E-02
 -3.5164446E-02
 -1.8120145E-02
  1.2152169E-03
  2.1989878E-02
  4.4114389E-02
  6.6218607E-02
  8.6630307E-02
  0.1048087    
  0.1211098    
  0.1358322    
  0.1515152    
  0.1667281    
  0.1817176    
  0.1941961    
  0.2041901    
  0.2113313    
  0.2150577    
  0.2150023    
  0.2111529    
  0.2038182    
  0.1935310    
  0.1809486    
  0.1667947    
  0.1516527    
  0.1360960    
  0.1205142    
  0.1050475    
  8.9853935E-02
  7.4279621E-02
  5.7399090E-02
  4.2102456E-02
  2.8668994E-02
  1.7274480E-02
  8.6589484E-03
  2.9718617E-03
  1.3779257E-04
  1.0000000E-10
  1.0000000E-10
 -7.0454320E-03
 -2.3586018E-02
 -4.3349065E-02
 -6.0468853E-02
 -7.4185818E-02
 -8.4465973E-02
 -9.1128230E-02
 -9.3897283E-02
 -9.2222407E-02
 -8.5754044E-02
 -7.4506752E-02
 -5.8778547E-02
 -3.8561068E-02
 -1.4684451E-02
  1.1455073E-02
  3.9221220E-02
  6.8475619E-02
  9.6170612E-02
  0.1211963    
  0.1431534    
  0.1624148    
  0.1792830    
  0.1969556    
  0.2134579    
  0.2291121    
  0.2414709    
  0.2502781    
  0.2550002    
  0.2551182    
  0.2504343    
  0.2411807    
  0.2279466    
  0.2115374    
  0.1928733    
  0.1729394    
  0.1524238    
  0.1321701    
  0.1125368    
  9.3506351E-02
  7.4941821E-02
  5.4551039E-02
  3.7673473E-02
  2.4056891E-02
  1.3278452E-02
  6.2209023E-03
  2.0556680E-03
  1.7172199E-04
 -2.6576087E-04
  1.0000000E-10
  1.0000000E-10
 -1.0767302E-02
 -3.6202867E-02
 -6.5723211E-02
 -8.9772038E-02
 -0.1076947    
 -0.1202322    
 -0.1276404    
 -0.1293155    
 -0.1246229    
 -0.1133391    
 -9.5776394E-02
 -7.2872281E-02
 -4.4859752E-02
 -1.2835718E-02
  2.1168863E-02
  5.7634011E-02
  9.4050691E-02
  0.1276090    
  0.1574978    
  0.1834587    
  0.2057093    
  0.2262927    
  0.2451739    
  0.2625331    
  0.2779647    
  0.2888558    
  0.2947530    
  0.2951060    
  0.2895748    
  0.2782641    
  0.2617619    
  0.2409974    
  0.2170504    
  0.1910874    
  0.1643114    
  0.1373206    
  0.1114798    
  8.6599551E-02
  6.2344633E-02
  3.8875654E-02
  2.1898767E-02
  9.6900892E-03
  1.2281254E-03
 -3.1759380E-03
 -4.6691070E-03
 -4.0237610E-03
 -2.2026601E-03
 -5.1028188E-04
  1.0000000E-10
  1.0000000E-10
 -1.6066482E-02
 -5.3384796E-02
 -9.5791101E-02
 -0.1282150    
 -0.1515170    
 -0.1676986    
 -0.1762875    
 -0.1762853    
 -0.1671285    
 -0.1490171    
 -0.1229030    
 -9.0578653E-02
 -5.3137716E-02
 -1.1453877E-02
  3.1806640E-02
  7.7983506E-02
  0.1214570    
  0.1610069    
  0.1957667    
  0.2256110    
  0.2508159    
  0.2744554    
  0.2947805    
  0.3126659    
  0.3267982    
  0.3344999    
  0.3352833    
  0.3288499    
  0.3152785    
  0.2951586    
  0.2695560    
  0.2397652    
  0.2070781    
  0.1728411    
  0.1382413    
  0.1034597    
  7.1467385E-02
  3.8104527E-02
  1.4624693E-02
 -1.0288636E-04
 -9.4109541E-03
 -1.4616532E-02
 -1.6288096E-02
 -1.5142951E-02
 -1.1989040E-02
 -7.6449080E-03
 -3.3341397E-03
 -5.0093571E-04
  1.0000000E-10
  1.0000000E-10
 -2.3340181E-02
 -7.6780424E-02
 -0.1355600    
 -0.1773320    
 -0.2090539    
 -0.2307385    
 -0.2407303    
 -0.2376418    
 -0.2214132    
 -0.1932870    
 -0.1554513    
 -0.1108950    
 -6.2044084E-02
 -9.1101918E-03
  4.4997778E-02
  0.1009092    
  0.1514012    
  0.1967229    
  0.2360820    
  0.2694465    
  0.2990929    
  0.3244403    
  0.3456293    
  0.3628975    
  0.3736708    
  0.3754927    
  0.3681664    
  0.3519974    
  0.3277474    
  0.2966585    
  0.2603669    
  0.2204648    
  0.1782594    
  0.1351768    
  9.1717750E-02
  4.7302201E-02
  9.9262707E-03
 -9.2267478E-03
 -2.0498514E-02
 -2.7004074E-02
 -2.9865762E-02
 -2.9552190E-02
 -2.6414439E-02
 -2.1310750E-02
 -1.5057023E-02
 -8.6489096E-03
 -3.3790027E-03
 -3.6471599E-04
  1.0000000E-10
  1.0000000E-10
 -3.2541666E-02
 -0.1086275    
 -0.1851290    
 -0.2405819    
 -0.2853667    
 -0.3152338    
 -0.3263676    
 -0.3171738    
 -0.2893035    
 -0.2462583    
 -0.1923599    
 -0.1322274    
 -6.9732532E-02
 -4.0214960E-03
  6.2412780E-02
  0.1272877    
  0.1845148    
  0.2350108    
  0.2783417    
  0.3156826    
  0.3482797    
  0.3749129    
  0.3958414    
  0.4102328    
  0.4143037    
  0.4064628    
  0.3873250    
  0.3581976    
  0.3207490    
  0.2769709    
  0.2290488    
  0.1785813    
  0.1266981    
  7.4542150E-02
  1.8565731E-02
 -1.0351297E-02
 -2.5715932E-02
 -3.4318674E-02
 -3.9222937E-02
 -4.0963572E-02
 -3.9726675E-02
 -3.5820175E-02
 -2.9782409E-02
 -2.2447655E-02
 -1.4813484E-02
 -7.9685729E-03
 -2.9104587E-03
 -2.3211370E-04
  1.0000000E-10
  1.0000000E-10
 -4.5360651E-02
 -0.1493455    
 -0.2460176    
 -0.3225299    
 -0.3877391    
 -0.4303567    
 -0.4413162    
 -0.4197763    
 -0.3724174    
 -0.3071678    
 -0.2315792    
 -0.1521824    
 -7.3817872E-02
  5.8505684E-03
  8.6299516E-02
  0.1580935    
  0.2212438    
  0.2760037    
  0.3233703    
  0.3647113    
  0.3982487    
  0.4240870    
  0.4414501    
  0.4481813    
  0.4404142    
  0.4180782    
  0.3831565    
  0.3382062    
  0.2858529    
  0.2288476    
  0.1696280    
  0.1085538    
  4.6523787E-02
  2.9077980E-04
 -2.2409262E-02
 -3.4491006E-02
 -4.1635841E-02
 -4.5701250E-02
 -4.7148347E-02
 -4.5882426E-02
 -4.2026129E-02
 -3.6017578E-02
 -2.8568638E-02
 -2.0581951E-02
 -1.3013520E-02
 -6.7236004E-03
 -2.3507557E-03
 -1.4556019E-04
  1.0000000E-10
  1.0000000E-10
 -6.4404942E-02
 -0.1988885    
 -0.3198229    
 -0.4270029    
 -0.5255237    
 -0.5907385    
 -0.5984406    
 -0.5514905    
 -0.4713062    
 -0.3735015    
 -0.2695234    
 -0.1672410    
 -7.1025729E-02
  2.4893600E-02
  0.1169533    
  0.1942411    
  0.2619456    
  0.3214233    
  0.3722779    
  0.4130314    
  0.4435917    
  0.4632143    
  0.4702225    
  0.4616838    
  0.4354258    
  0.3939904    
  0.3406378    
  0.2789170    
  0.2121416    
  0.1438822    
  7.7820219E-02
  2.1794107E-02
 -1.0661203E-02
 -2.8585006E-02
 -3.7453670E-02
 -4.2721570E-02
 -4.6300735E-02
 -4.8090573E-02
 -4.7632582E-02
 -4.4706170E-02
 -3.9544649E-02
 -3.2738466E-02
 -2.5094174E-02
 -1.7491324E-02
 -1.0725355E-02
 -5.3895009E-03
 -1.8331845E-03
 -9.6080788E-05
  1.0000000E-10
  1.0000000E-10
 -9.1536619E-02
 -0.2563370    
 -0.4050218    
 -0.5527866    
 -0.7097112    
 -0.8223697    
 -0.8209276    
 -0.7189150    
 -0.5838436    
 -0.4401129    
 -0.3010828    
 -0.1732165    
 -5.7107843E-02
  5.7801612E-02
  0.1558200    
  0.2383608    
  0.3094983    
  0.3675167    
  0.4124672    
  0.4443792    
  0.4628010    
  0.4667269    
  0.4545566    
  0.4239881    
  0.3755614    
  0.3142930    
  0.2451928    
  0.1743233    
  0.1073476    
  5.0749145E-02
  7.1313698E-03
 -1.6995566E-02
 -2.9612429E-02
 -3.5475183E-02
 -3.8169634E-02
 -4.0402647E-02
 -4.2382959E-02
 -4.3213595E-02
 -4.2126808E-02
 -3.8850613E-02
 -3.3663325E-02
 -2.7212134E-02
 -2.0315332E-02
 -1.3768886E-02
 -8.2062325E-03
 -4.0108929E-03
 -1.3283350E-03
 -6.1305342E-05
  1.0000000E-10
  1.0000000E-10
 -0.1397192    
 -0.3308866    
 -0.5033955    
 -0.6906735    
 -0.9339204    
  -1.161160    
  -1.158755    
 -0.9283703    
 -0.7010142    
 -0.4954280    
 -0.3169492    
 -0.1634752    
 -2.2623098E-02
  0.1128887    
  0.2016214    
  0.2733055    
  0.3291326    
  0.3694869    
  0.3949334    
  0.4058025    
  0.4022297    
  0.3842106    
  0.3516713    
  0.3044873    
  0.2461895    
  0.1836351    
  0.1228349    
  6.9961749E-02
  2.6894208E-02
 -1.3174467E-03
 -1.7853864E-02
 -2.5576623E-02
 -2.8558152E-02
 -2.8983252E-02
 -2.8923549E-02
 -2.9665453E-02
 -3.0858185E-02
 -3.1485315E-02
 -3.0731769E-02
 -2.8263621E-02
 -2.4264982E-02
 -1.9287705E-02
 -1.4037720E-02
 -9.1838529E-03
 -5.2149012E-03
 -2.3822072E-03
 -7.0965668E-04
  2.6147302E-06
  1.0000000E-10
  1.0000000E-10
 -0.2775478    
 -0.4348849    
 -0.5633626    
 -0.7376466    
  -1.110977    
  -1.711988    
  -1.720087    
  -1.046425    
 -0.6885620    
 -0.4351417    
 -0.2452790    
 -9.6098855E-02
  3.0673591E-02
  0.1087231    
  0.1554861    
  0.1888102    
  0.2095860    
  0.2185851    
  0.2171922    
  0.2069055    
  0.1892588    
  0.1657648    
  0.1378627    
  0.1068268    
  7.5183444E-02
  4.6423018E-02
  2.2787279E-02
  6.2142271E-03
 -4.9604396E-03
 -1.1106947E-02
 -1.3753341E-02
 -1.4177206E-02
 -1.3627688E-02
 -1.2615767E-02
 -1.1897265E-02
 -1.1936746E-02
 -1.2477303E-02
 -1.2950383E-02
 -1.2870123E-02
 -1.1974610E-02
 -1.0282530E-02
 -8.0437316E-03
 -5.6290948E-03
 -3.4069652E-03
 -1.6537142E-03
 -5.1290897E-04
  1.2856744E-05
  1.1654430E-04
  1.0000000E-10
  1.0000000E-10
  1.0000000E-10
  1.0000000E-10
  1.0000000E-10
  1.0000000E-10
  1.0000000E-10
  1.0000000E-10
  1.0000000E-10
  1.0000000E-10
  1.0000000E-10
  1.0000000E-10
  1.0000000E-10
  1.0000000E-10
  1.0000000E-10
  1.0000000E-10
  1.0000000E-10
  1.0000000E-10
  1.0000000E-10
  1.0000000E-10
  1.0000000E-10
  1.0000000E-10
  1.0000000E-10
  1.0000000E-10
  1.0000000E-10
  1.0000000E-10
  1.0000000E-10
  1.0000000E-10
  1.0000000E-10
  1.0000000E-10
  1.0000000E-10
  1.0000000E-10
  1.0000000E-10
  1.0000000E-10
  1.0000000E-10
  1.0000000E-10
  1.0000000E-10
  1.0000000E-10
  1.0000000E-10
  1.0000000E-10
  1.0000000E-10
  1.0000000E-10
  1.0000000E-10
  1.0000000E-10
  1.0000000E-10
  1.0000000E-10
  1.0000000E-10
  1.0000000E-10
  1.0000000E-10
  1.0000000E-10
  1.0000000E-10
