  0.0000000E+00
  2.5783509E-02
  5.3371869E-02
  8.2891420E-02
  0.1144773    
  0.1482743    
  0.1844370    
  0.2231311    
  0.2645338    
  0.3088347    
  0.3562366    
  0.4069567    
  0.4612272    
  0.5192967    
  0.5814310    
  0.6479147    
  0.7190523    
  0.7951695    
  0.8766149    
  0.9637615    
   1.057008    
   1.156783    
   1.263541    
   1.377772    
   1.500000    
   1.622228    
   1.736459    
   1.843217    
   1.942991    
   2.036238    
   2.123385    
   2.204830    
   2.280948    
   2.352085    
   2.418569    
   2.480703    
   2.538773    
   2.593043    
   2.643763    
   2.691165    
   2.735466    
   2.776869    
   2.815563    
   2.851726    
   2.885522    
   2.917109    
   2.946628    
   2.974216    
   3.000000    
