  0.0000000E+00
  1.7189007E-02
  3.5581246E-02
  5.5260945E-02
  7.6318219E-02
  9.8849513E-02
  0.1229580    
  0.1487541    
  0.1763559    
  0.2058898    
  0.2374911    
  0.2713045    
  0.3074848    
  0.3461978    
  0.3876207    
  0.4319431    
  0.4793682    
  0.5301130    
  0.5844100    
  0.6425077    
  0.7046723    
  0.7711883    
  0.8423606    
  0.9185149    
   1.000000    
   1.081485    
   1.157640    
   1.228812    
   1.295328    
   1.357492    
   1.415590    
   1.469887    
   1.520632    
   1.568057    
   1.612379    
   1.653802    
   1.692515    
   1.728696    
   1.762509    
   1.794110    
   1.823644    
   1.851246    
   1.877042    
   1.901150    
   1.923682    
   1.944739    
   1.964419    
   1.982811    
   2.000000    
