  1.0000000E-10
  1.0000000E-10
  1.0000000E-10
  1.0000000E-10
  1.0000000E-10
  1.0000000E-10
  1.0000000E-10
  1.0000000E-10
  1.0000000E-10
  1.0000000E-10
  1.0000000E-10
  1.0000000E-10
  1.0000000E-10
  1.0000000E-10
  1.0000000E-10
  1.0000000E-10
  1.0000000E-10
  1.0000000E-10
  1.0000000E-10
  1.0000000E-10
  1.0000000E-10
  1.0000000E-10
  1.0000000E-10
  1.0000000E-10
  1.0000000E-10
  1.0000000E-10
  1.0000000E-10
  1.0000000E-10
  1.0000000E-10
  1.0000000E-10
  1.0000000E-10
  1.0000000E-10
  1.0000000E-10
  1.0000000E-10
  1.0000000E-10
  1.0000000E-10
  1.0000000E-10
  1.0000000E-10
  1.0000000E-10
  1.0000000E-10
  1.0000000E-10
   1.000000    
   1.000000    
   1.000000    
   1.000000    
   1.000000    
   1.000000    
   1.000000    
   1.000000    
   1.000000    
   1.000000    
  1.0000000E-10
  1.0000000E-10
 -2.0191890E-06
 -2.4293770E-06
 -1.4573189E-06
 -2.4261189E-07
  8.0635778E-07
  1.5939910E-06
  2.1326489E-06
  2.4634510E-06
  2.6293890E-06
  2.6630239E-06
  2.5735010E-06
  2.3281650E-06
  1.8322270E-06
  9.1787280E-07
 -6.2962408E-07
 -2.9637870E-06
 -5.9204140E-06
 -8.4910534E-06
 -9.4160223E-06
 -8.2040278E-06
 -5.0451908E-06
 -1.2096350E-06
  1.9526719E-06
  3.9527308E-06
  4.8171451E-06
  4.7923900E-06
  4.1840099E-06
  3.2779490E-06
  2.3008340E-06
  1.4322800E-06
  6.3796381E-07
 -1.8236230E-07
 -1.9424431E-06
 -6.0007292E-06
 -1.7334871E-05
 -4.6552781E-05
 -1.0971340E-04
 -6.2448258E-04
 -1.0603180E-03
  6.0156491E-03
  0.9950204    
   1.000695    
   1.000201    
   1.000495    
   1.000981    
   1.002267    
   1.006611    
   1.020424    
   1.039058    
  0.8797935    
  1.0000000E-10
  1.0000000E-10
 -4.8340848E-06
 -3.1869790E-06
  5.9666950E-06
  1.8913070E-05
  3.2881471E-05
  4.5907160E-05
  5.6617770E-05
  6.4026892E-05
  6.7355133E-05
  6.5835353E-05
  5.8447182E-05
  4.3572170E-05
  1.8683269E-05
 -1.9634710E-05
 -7.4680916E-05
 -1.4705620E-04
 -2.2886309E-04
 -2.9727109E-04
 -3.2335351E-04
 -2.8956510E-04
 -2.0319210E-04
 -9.5280877E-05
  4.5537859E-06
  8.1706043E-05
  1.3217720E-04
  1.5719551E-04
  1.6091770E-04
  1.4845490E-04
  1.2526871E-04
  9.4632880E-05
  5.9518570E-05
  8.9940768E-06
 -6.1129227E-05
 -2.2327530E-04
 -4.4646309E-04
 -1.1092980E-03
 -1.5063561E-03
 -5.7055899E-03
 -2.0076791E-03
  3.1897008E-02
  0.9863676    
   1.002077    
   1.001423    
   1.003164    
   1.006520    
   1.014671    
   1.034145    
   1.066239    
   1.052357    
  0.7090569    
  1.0000000E-10
  1.0000000E-10
 -5.3064041E-06
  5.7494758E-06
  3.3334480E-05
  7.1081078E-05
  1.1278870E-04
  1.5287921E-04
  1.8668440E-04
  2.1041359E-04
  2.2087510E-04
  2.1496420E-04
  1.8885580E-04
  1.3693230E-04
  5.0843290E-05
 -8.0314843E-05
 -2.6659970E-04
 -5.0881109E-04
 -7.7984779E-04
 -1.0056760E-03
 -1.0921940E-03
 -9.8024344E-04
 -6.9460418E-04
 -3.3661909E-04
 -2.0757921E-06
  2.6060431E-04
  4.3679061E-04
  5.2856217E-04
  5.4811873E-04
  5.1137002E-04
  4.3602689E-04
  3.3256531E-04
  2.1174341E-04
  3.6080550E-05
 -2.0371001E-04
 -7.4982148E-04
 -1.4615260E-03
 -3.5611331E-03
 -4.4692410E-03
 -1.5050720E-02
 -6.1715202E-04
  7.2679661E-02
  0.9734023    
   1.003439    
   1.004702    
   1.010067    
   1.020381    
   1.041880    
   1.078587    
   1.104868    
   1.005399    
  0.5149650    
  1.0000000E-10
  1.0000000E-10
  2.6216610E-06
  3.7291069E-05
  9.7180477E-05
  1.7467661E-04
  2.6037521E-04
  3.4407171E-04
  4.1584100E-04
  4.6667349E-04
  4.8843812E-04
  4.7311609E-04
  4.1123951E-04
  2.8969540E-04
  8.9834713E-05
 -2.1188270E-04
 -6.3619192E-04
 -1.1825070E-03
 -1.7887220E-03
 -2.2923150E-03
 -2.4857640E-03
 -2.2354920E-03
 -1.5973810E-03
 -7.9592422E-04
 -4.1408610E-05
  5.5949402E-04
  9.7193930E-04
  1.1963160E-03
  1.2560710E-03
  1.1843010E-03
  1.0194459E-03
  7.8484061E-04
  5.0520542E-04
  9.8168472E-05
 -4.5464569E-04
 -1.6737561E-03
 -3.2242399E-03
 -7.5999298E-03
 -9.1188336E-03
 -2.6219821E-02
  4.8607220E-03
  0.1274074    
  0.9601211    
   1.004604    
   1.010486    
   1.021737    
   1.041857    
   1.076433    
   1.116176    
   1.103447    
  0.9039403    
  0.3657025    
  1.0000000E-10
  1.0000000E-10
  2.3067891E-05
  1.0336050E-04
  2.1517801E-04
  3.5079179E-04
  4.9837679E-04
  6.4293959E-04
  7.6786568E-04
  8.5637980E-04
  8.9214242E-04
  8.5851777E-04
  7.3627417E-04
  5.0004828E-04
  1.1535990E-04
 -4.5966031E-04
 -1.2598890E-03
 -2.2795780E-03
 -3.4012571E-03
 -4.3298202E-03
 -4.6869828E-03
 -4.2227539E-03
 -3.0391749E-03
 -1.5577640E-03
 -1.5425420E-04
  9.8221179E-04
  1.7814171E-03
  2.2362450E-03
  2.3822789E-03
  2.2736460E-03
  1.9779929E-03
  1.5390740E-03
  1.0031740E-03
  2.2593120E-04
 -8.2896202E-04
 -3.0518640E-03
 -5.8520469E-03
 -1.3183920E-02
 -1.5458660E-02
 -3.5883460E-02
  1.5523070E-02
  0.1910995    
  0.9490008    
   1.006294    
   1.018909    
   1.037571    
   1.067414    
   1.107836    
   1.130964    
   1.059271    
  0.7816271    
  0.2745376    
  1.0000000E-10
  1.0000000E-10
  5.9349790E-05
  2.1473480E-04
  4.0491129E-04
  6.2201562E-04
  8.5214392E-04
  1.0755750E-03
  1.2680730E-03
  1.4027579E-03
  1.4513780E-03
  1.3839219E-03
  1.1658410E-03
  7.5330789E-04
  8.9395537E-05
 -8.9198363E-04
 -2.2420611E-03
 -3.9429050E-03
 -5.7958351E-03
 -7.3231380E-03
 -7.9098977E-03
 -7.1280980E-03
 -5.1651830E-03
 -2.7307910E-03
 -4.0494179E-04
  1.5134281E-03
  2.8984870E-03
  3.7240770E-03
  4.0342850E-03
  3.9074370E-03
  3.4431990E-03
  2.7129799E-03
  1.7954070E-03
  4.7320520E-04
 -1.3214030E-03
 -4.9006511E-03
 -9.4018821E-03
 -2.0059761E-02
 -2.3262611E-02
 -4.1272689E-02
  3.2825530E-02
  0.2584873    
  0.9407403    
   1.009145    
   1.029750    
   1.056063    
   1.092486    
   1.128030    
   1.118465    
  0.9847736    
  0.6643601    
  0.2174959    
  1.0000000E-10
  1.0000000E-10
  1.1376960E-04
  3.7948819E-04
  6.8053009E-04
  1.0076410E-03
  1.3441030E-03
  1.6649510E-03
  1.9373849E-03
  2.1222490E-03
  2.1755239E-03
  2.0482710E-03
  1.6837480E-03
  1.0120210E-03
 -5.3781019E-05
 -1.6094380E-03
 -3.7224069E-03
 -6.3509531E-03
 -9.1830632E-03
 -1.1506660E-02
 -1.2383630E-02
 -1.1133140E-02
 -8.1242314E-03
 -4.4430499E-03
 -8.8664377E-04
  2.1069830E-03
  4.3304958E-03
  5.7198540E-03
  6.3165599E-03
  6.2215850E-03
  5.5719852E-03
  4.4590719E-03
  3.0067239E-03
  9.3002059E-04
 -1.8848029E-03
 -7.1610012E-03
 -1.3816180E-02
 -2.7726719E-02
 -3.1802379E-02
 -4.0473029E-02
  5.8978122E-02
  0.3325233    
  0.9355739    
   1.013408    
   1.042329    
   1.075041    
   1.112503    
   1.132107    
   1.080732    
  0.8948985    
  0.5646694    
  0.1791893    
  1.0000000E-10
  1.0000000E-10
  1.8703610E-04
  6.0087332E-04
  1.0486420E-03
  1.5175540E-03
  1.9861159E-03
  2.4224359E-03
  2.7834200E-03
  3.0151689E-03
  3.0538540E-03
  2.8255731E-03
  2.2435570E-03
  1.2030590E-03
 -4.2061691E-04
 -2.7571600E-03
 -5.8864630E-03
 -9.7251208E-03
 -1.3809590E-02
 -1.7144321E-02
 -1.8315639E-02
 -1.6383100E-02
 -1.2055820E-02
 -6.8311421E-03
 -1.7187470E-03
  2.6778521E-03
  6.0423450E-03
  8.2475394E-03
  9.3115587E-03
  9.3455007E-03
  8.5240267E-03
  6.9640460E-03
  4.8080538E-03
  1.7396850E-03
 -2.4014320E-03
 -9.6601238E-03
 -1.8866140E-02
 -3.5469670E-02
 -3.9706979E-02
 -3.2359231E-02
  9.5030516E-02
  0.4012989    
  0.9334567    
   1.019040    
   1.055564    
   1.091916    
   1.123435    
   1.117855    
   1.022869    
  0.8014032    
  0.4833058    
  0.1508530    
  1.0000000E-10
  1.0000000E-10
  2.7755729E-04
  8.7490829E-04
  1.5037290E-03
  2.1451509E-03
  2.7700150E-03
  3.3364771E-03
  3.7880701E-03
  4.0526330E-03
  4.0418608E-03
  3.6503940E-03
  2.7530820E-03
  1.2012210E-03
 -1.1752060E-03
 -4.5417589E-03
 -8.9817224E-03
 -1.4344570E-02
 -1.9974660E-02
 -2.4514910E-02
 -2.5861179E-02
 -2.2954579E-02
 -1.7065160E-02
 -1.0016120E-02
 -3.0322419E-03
  3.1045980E-03
  7.9460936E-03
  1.1273720E-02
  1.3052610E-02
  1.3379120E-02
  1.2450100E-02
  1.0411240E-02
  7.4275262E-03
  3.1230149E-03
 -2.6491371E-03
 -1.2079700E-02
 -2.4097599E-02
 -4.2439021E-02
 -4.5104969E-02
 -1.6577199E-02
  0.1396321    
  0.4665981    
  0.9344688    
   1.025755    
   1.068083    
   1.103962    
   1.122210    
   1.085402    
  0.9511859    
  0.7115463    
  0.4165458    
  0.1284793    
  1.0000000E-10
  1.0000000E-10
  3.8066879E-04
  1.1878370E-03
  2.0234550E-03
  2.8600211E-03
  3.6573480E-03
  4.3595810E-03
  4.8922761E-03
  5.1598870E-03
  5.0436598E-03
  4.3994482E-03
  3.0549979E-03
  8.0867892E-04
 -2.5611070E-03
 -7.2543751E-03
 -1.3341590E-02
 -2.0572839E-02
 -2.8063340E-02
 -3.3876911E-02
 -3.5064500E-02
 -3.0859780E-02
 -2.3184299E-02
 -1.4068290E-02
 -4.9389019E-03
  3.2494401E-03
  9.9055264E-03
  1.4695240E-02
  1.7497109E-02
  1.8357430E-02
  1.7463099E-02
  1.4977620E-02
  1.1081700E-02
  5.4164468E-03
 -2.2566081E-03
 -1.3927840E-02
 -2.8789330E-02
 -4.7674511E-02
 -4.5924570E-02
  7.2872378E-03
  0.1938508    
  0.5279816    
  0.9381353    
   1.032937    
   1.078280    
   1.108615    
   1.107043    
   1.036856    
  0.8720520    
  0.6289482    
  0.3608759    
  0.1102634    
  1.0000000E-10
  1.0000000E-10
  4.8814231E-04
  1.5143960E-03
  2.5652901E-03
  3.6023981E-03
  4.5710858E-03
  5.3968481E-03
  5.9814579E-03
  6.1991229E-03
  5.8928132E-03
  4.8708292E-03
  2.9043970E-03
 -2.6967700E-04
 -4.9289800E-03
 -1.1301990E-02
 -1.9420629E-02
 -2.8898381E-02
 -3.8547721E-02
 -4.5404609E-02
 -4.5849480E-02
 -4.0032290E-02
 -3.0348159E-02
 -1.8970340E-02
 -7.4888370E-03
  2.9978801E-03
  1.1764080E-02
  1.8348690E-02
  2.2514800E-02
  2.4219530E-02
  2.3596240E-02
  2.0799400E-02
  1.6010011E-02
  8.9204647E-03
 -6.5361609E-04
 -1.4479040E-02
 -3.1940822E-02
 -5.0050382E-02
 -4.0296782E-02
  3.9347451E-02
  0.2523902    
  0.5845551    
  0.9437031    
   1.039667    
   1.084392    
   1.103762    
   1.077606    
  0.9757828    
  0.7909870    
  0.5548424    
  0.3138500    
  9.5164180E-02
  1.0000000E-10
  1.0000000E-10
  5.8847159E-04
  1.8183599E-03
  3.0668520E-03
  4.2825942E-03
  5.3932732E-03
  6.3009281E-03
  6.8769762E-03
  6.9570788E-03
  6.3361451E-03
  4.7641280E-03
  1.9449340E-03
 -2.4548960E-03
 -8.7711336E-03
 -1.7247420E-02
 -2.7835971E-02
 -3.9968509E-02
 -5.1884670E-02
 -5.9042700E-02
 -5.8045272E-02
 -5.0296988E-02
 -3.8385469E-02
 -2.4597401E-02
 -1.0635050E-02
  2.3054639E-03
  1.3393220E-02
  2.2048639E-02
  2.7906241E-02
  3.0802449E-02
  3.0772980E-02
  2.7925771E-02
  2.2421330E-02
  1.4049400E-02
  2.6873399E-03
 -1.2841300E-02
 -3.2291401E-02
 -4.8256099E-02
 -2.7114900E-02
  7.8567207E-02
  0.3118641    
  0.6362252    
  0.9504438    
   1.044827    
   1.084684    
   1.088056    
   1.035049    
  0.9065505    
  0.7121565    
  0.4892583    
  0.2738535    
  8.2521901E-02
  1.0000000E-10
  1.0000000E-10
  6.6840288E-04
  2.0568080E-03
  3.4523271E-03
  4.7887219E-03
  5.9727998E-03
  6.8782489E-03
  7.3390971E-03
  7.1430658E-03
  6.0253842E-03
  3.6645781E-03
 -3.1567621E-04
 -6.3283052E-03
 -1.4764370E-02
 -2.5849920E-02
 -3.9379410E-02
 -5.4526709E-02
 -6.8278953E-02
 -7.4381299E-02
 -7.1333610E-02
 -6.1336979E-02
 -4.7017749E-02
 -3.0726140E-02
 -1.4230550E-02
  1.2226620E-03
  1.4737680E-02
  2.5643200E-02
  3.3453781E-02
  3.7873860E-02
  3.8812481E-02
  3.6296129E-02
  3.0443709E-02
  2.1166610E-02
  8.4749777E-03
 -8.2238074E-03
 -2.8557429E-02
 -4.0869661E-02
 -5.6563071E-03
  0.1259337    
  0.3714365    
  0.6829302    
  0.9574659    
   1.047125    
   1.077674    
   1.061181    
  0.9818358    
  0.8336587    
  0.6383500    
  0.4318157    
  0.2398102    
  7.1909502E-02
  1.0000000E-10
  1.0000000E-10
  7.1567477E-04
  2.1880399E-03
  3.6449600E-03
  5.0026830E-03
  6.1433180E-03
  6.9066570E-03
  7.0814989E-03
  6.3970098E-03
  4.5152530E-03
  1.0276880E-03
 -4.5375521E-03
 -1.2680160E-02
 -2.3825170E-02
 -3.8104650E-02
 -5.5040792E-02
 -7.3316522E-02
 -8.7461904E-02
 -9.1189392E-02
 -8.5346632E-02
 -7.2744846E-02
 -5.5889990E-02
 -3.7073910E-02
 -1.8067600E-02
 -1.2680770E-04
  1.5823200E-02
  2.9051971E-02
  3.8980410E-02
  4.5195140E-02
  4.7478091E-02
  4.5758210E-02
  4.0101841E-02
  3.0540250E-02
  1.7264141E-02
  2.2986150E-04
 -1.9789740E-02
 -2.6673811E-02
  2.4255520E-02
  0.1782664    
  0.4292833    
  0.7242999    
  0.9636179    
   1.045205    
   1.062399    
   1.023978    
  0.9213559    
  0.7611406    
  0.5712271    
  0.3820357    
  0.2109538    
  6.3027874E-02
  1.0000000E-10
  1.0000000E-10
  7.2118640E-04
  2.1779749E-03
  3.5772270E-03
  4.8132399E-03
  5.7376628E-03
  6.1488100E-03
  5.7802550E-03
  4.2896159E-03
  1.2495760E-03
 -3.8538980E-03
 -1.1603350E-02
 -2.2578850E-02
 -3.7179600E-02
 -5.5344541E-02
 -7.6305419E-02
 -9.7289413E-02
 -0.1086805    
 -0.1088232    
 -9.9952877E-02
 -8.4320150E-02
 -6.4716049E-02
 -4.3383200E-02
 -2.1946641E-02
 -1.6065880E-03
  1.6714780E-02
  3.2255821E-02
  4.4374980E-02
  5.2574720E-02
  5.6540251E-02
  5.6116700E-02
  5.1323019E-02
  4.2289618E-02
  2.9386399E-02
  1.3008760E-02
 -5.4402892E-03
 -5.3385040E-03
  6.1041448E-02
  0.2318205    
  0.4842077    
  0.7601255    
  0.9677207    
   1.037927    
   1.038678    
  0.9783670    
  0.8573684    
  0.6921597    
  0.5116050    
  0.3393895    
  0.1866724    
  5.5642009E-02
  1.0000000E-10
  1.0000000E-10
  6.7764171E-04
  1.9958990E-03
  3.1834240E-03
  4.1049519E-03
  4.5722569E-03
  4.3305638E-03
  3.0439370E-03
  2.8112519E-04
 -4.4944119E-03
 -1.1920650E-02
 -2.2694850E-02
 -3.7443452E-02
 -5.6467868E-02
 -7.9503953E-02
 -0.1037081    
 -0.1222337    
 -0.1292468    
 -0.1256482    
 -0.1134970    
 -9.5272459E-02
 -7.3128171E-02
 -4.9404152E-02
 -2.5690980E-02
 -3.1015030E-03
  1.7471420E-02
  3.5255320E-02
  4.9569510E-02
  5.9873112E-02
  6.5787300E-02
  6.7105897E-02
  6.3848689E-02
  5.6249551E-02
  4.4808891E-02
  3.0146141E-02
  1.4527250E-02
  2.3393720E-02
  0.1074023    
  0.2867258    
  0.5354912    
  0.7903141    
  0.9687293    
   1.024620    
   1.007213    
  0.9270176    
  0.7933863    
  0.6288291    
  0.4596629    
  0.3032617    
  0.1664084    
  4.9544878E-02
  1.0000000E-10
  1.0000000E-10
  5.7043950E-04
  1.5867940E-03
  2.3534209E-03
  2.6936049E-03
  2.3647479E-03
  1.0415399E-03
 -1.7019541E-03
 -6.4086071E-03
 -1.3745550E-02
 -2.4485789E-02
 -3.9438140E-02
 -5.9261542E-02
 -8.3852828E-02
 -0.1093379    
 -0.1327625    
 -0.1471052    
 -0.1497285    
 -0.1420975    
 -0.1264804    
 -0.1053065    
 -8.0873556E-02
 -5.4925371E-02
 -2.9135030E-02
 -4.5056762E-03
  1.8140260E-02
  3.8045321E-02
  5.4500230E-02
  6.6946201E-02
  7.5074933E-02
  7.8649193E-02
  7.7596009E-02
  7.2130129E-02
  6.2814817E-02
  5.0721880E-02
  3.9163679E-02
  5.7939060E-02
  0.1558789    
  0.3410071    
  0.5823921    
  0.8147969    
  0.9658329    
   1.005181    
  0.9694188    
  0.8727964    
  0.7321348    
  0.5721923    
  0.4150475    
  0.2728996    
  0.1495841    
  4.4529479E-02
  1.0000000E-10
  1.0000000E-10
  3.6305049E-04
  8.2685810E-04
  8.5856678E-04
  2.2403630E-04
 -1.3930210E-03
 -4.4110441E-03
 -9.3705934E-03
 -1.6948810E-02
 -2.7955979E-02
 -4.3297160E-02
 -6.3905656E-02
 -8.9215502E-02
 -0.1162111    
 -0.1418293    
 -0.1625611    
 -0.1716603    
 -0.1691529    
 -0.1570242    
 -0.1377324    
 -0.1137089    
 -8.7072536E-02
 -5.9387840E-02
 -3.1924631E-02
 -5.6109610E-03
  1.8822581E-02
  4.0649232E-02
  5.9165280E-02
  7.3921368E-02
  8.4486641E-02
  9.0544388E-02
  9.2151187E-02
  8.9683250E-02
  8.3775677E-02
  7.4995928E-02
  6.9079183E-02
  0.1006306    
  0.2067388    
  0.3938987    
  0.6246047    
  0.8336534    
  0.9585466    
  0.9800077    
  0.9270335    
  0.8181477    
  0.6752008    
  0.5222837    
  0.3769119    
  0.2473649    
  0.1355600    
  4.0376659E-02
  1.0000000E-10
  1.0000000E-10
 -8.4213316E-06
 -4.9311249E-04
 -1.6752230E-03
 -3.8641840E-03
 -7.4704331E-03
 -1.3027030E-02
 -2.1207640E-02
 -3.2832190E-02
 -4.8843909E-02
 -7.0088223E-02
 -9.5766038E-02
 -0.1240140    
 -0.1519548    
 -0.1759744    
 -0.1915605    
 -0.1944965    
 -0.1863340    
 -0.1694860    
 -0.1465383    
 -0.1198663    
 -9.1405943E-02
 -6.2455371E-02
 -3.3815488E-02
 -6.2625981E-03
  1.9603020E-02
  4.3105248E-02
  6.3637450E-02
  8.0715328E-02
  9.3736254E-02
  0.1024394    
  0.1069004    
  0.1075210    
  0.1049478    
  0.1002879    
  0.1022270    
  0.1434988    
  0.2577766    
  0.4445117    
  0.6620010    
  0.8470331    
  0.9466358    
  0.9497311    
  0.8816040    
  0.7645862    
  0.6229128    
  0.4782411    
  0.3439570    
  0.2255114    
  0.1236041    
  3.6841959E-02
  1.0000000E-10
  1.0000000E-10
 -6.3351868E-04
 -2.6577590E-03
 -5.7420600E-03
 -1.0284980E-02
 -1.6803291E-02
 -2.5950421E-02
 -3.8524430E-02
 -5.5457819E-02
 -7.7262089E-02
 -0.1034173    
 -0.1327149    
 -0.1625973    
 -0.1893687    
 -0.2092616    
 -0.2180166    
 -0.2141700    
 -0.2000962    
 -0.1785594    
 -0.1522034    
 -0.1232789    
 -9.3463197E-02
 -6.3756987E-02
 -3.4579411E-02
 -6.3312030E-03
  2.0550311E-02
  4.5477670E-02
  6.7922242E-02
  8.7206997E-02
  0.1027028    
  0.1141337    
  0.1215609    
  0.1253640    
  0.1261715    
  0.1256410    
  0.1353200    
  0.1869597    
  0.3084586    
  0.4925476    
  0.6946678    
  0.8550608    
  0.9299176    
  0.9148400    
  0.8340135    
  0.7124299    
  0.5744317    
  0.4384688    
  0.3145114    
  0.2060148    
  0.1129065    
  3.3661969E-02
  1.0000000E-10
  1.0000000E-10
 -1.6051420E-03
 -5.9510721E-03
 -1.1814020E-02
 -1.9681299E-02
 -3.0164490E-02
 -4.4004772E-02
 -6.2009759E-02
 -8.4527127E-02
 -0.1114267    
 -0.1417555    
 -0.1732961    
 -0.2026058    
 -0.2256980    
 -0.2391844    
 -0.2402016    
 -0.2292766    
 -0.2094019    
 -0.1835443    
 -0.1543001    
 -0.1237207    
 -9.3178302E-02
 -6.3330099E-02
 -3.4199979E-02
 -5.7925619E-03
  2.1667680E-02
  4.7741290E-02
  7.1833134E-02
  9.3131527E-02
  0.1109730    
  0.1250420    
  0.1353084    
  0.1421018    
  0.1461486    
  0.1499918    
  0.1678762    
  0.2303669    
  0.3583862    
  0.5378825    
  0.7226193    
  0.8575814    
  0.9079500    
  0.8753012    
  0.7841865    
  0.6608142    
  0.5279989    
  0.4008659    
  0.2866722    
  0.1874533    
  0.1026190    
  3.0564081E-02
  1.0000000E-10
  1.0000000E-10
 -2.9891750E-03
 -1.0557940E-02
 -2.0166939E-02
 -3.2367971E-02
 -4.7819588E-02
 -6.7182191E-02
 -9.0805672E-02
 -0.1187178    
 -0.1501617    
 -0.1832397    
 -0.2148210    
 -0.2409846    
 -0.2580284    
 -0.2635858    
 -0.2565479    
 -0.2387420    
 -0.2136241    
 -0.1841696    
 -0.1528065    
 -0.1213231    
 -9.0755247E-02
 -6.1365869E-02
 -3.2795951E-02
 -4.7158911E-03
  2.2889210E-02
  4.9768832E-02
  7.5233378E-02
  9.8267168E-02
  0.1181561    
  0.1345257    
  0.1472907    
  0.1568481    
  0.1637293    
  0.1722168    
  0.1995068    
  0.2737143    
  0.4075667    
  0.5803770    
  0.7454837    
  0.8538658    
  0.8797372    
  0.8303224    
  0.7310635    
  0.6079636    
  0.4813184    
  0.3631358    
  0.2585252    
  0.1684598    
  9.1949463E-02
  2.7300730E-02
  1.0000000E-10
  1.0000000E-10
 -4.8034680E-03
 -1.6496880E-02
 -3.0763511E-02
 -4.8164088E-02
 -6.9259882E-02
 -9.4409414E-02
 -0.1236707    
 -0.1564385    
 -0.1911034    
 -0.2248676    
 -0.2539876    
 -0.2745912    
 -0.2838233    
 -0.2807046    
 -0.2661049    
 -0.2421417    
 -0.2127660    
 -0.1807193    
 -0.1481632    
 -0.1165878    
 -8.6677857E-02
 -5.8259010E-02
 -3.0633541E-02
 -3.2464180E-03
  2.4151640E-02
  5.1488791E-02
  7.7962384E-02
  0.1023555    
  0.1238899    
  0.1423839    
  0.1571911    
  0.1686641    
  0.1781163    
  0.1924157    
  0.2311068    
  0.3179072    
  0.4562709    
  0.6195353    
  0.7621429    
  0.8423531    
  0.8435683    
  0.7783570    
  0.6728649    
  0.5516684    
  0.4320428    
  0.3231833    
  0.2284448    
  0.1479306    
  8.0284961E-02
  2.3688400E-02
  1.0000000E-10
  1.0000000E-10
 -7.0114648E-03
 -2.3612751E-02
 -4.3265011E-02
 -6.6450082E-02
 -9.3482397E-02
 -0.1244224    
 -0.1587767    
 -0.1951826    
 -0.2311744    
 -0.2632627    
 -0.2875398    
 -0.3007474    
 -0.3013155    
 -0.2897607    
 -0.2682540    
 -0.2398097    
 -0.2075120    
 -0.1739930    
 -0.1411552    
 -0.1102108    
 -8.1491813E-02
 -5.4329410E-02
 -2.7806761E-02
 -1.3110150E-03
  2.5683841E-02
  5.3164221E-02
  8.0175601E-02
  0.1054419    
  0.1281205    
  0.1477872    
  0.1639399    
  0.1770255    
  0.1897322    
  0.2121620    
  0.2647791    
  0.3642754    
  0.5042904    
  0.6538061    
  0.7702917    
  0.8204991    
  0.7970815    
  0.7173976    
  0.6076089    
  0.4898980    
  0.3783251    
  0.2795531    
  0.1954238    
  0.1252588    
  6.7329079E-02
  1.9651789E-02
  1.0000000E-10
  1.0000000E-10
 -9.5245112E-03
 -3.1591181E-02
 -5.7069171E-02
 -8.6228929E-02
 -0.1191130    
 -0.1553043    
 -0.1936440    
 -0.2319793    
 -0.2671221    
 -0.2952479    
 -0.3128086    
 -0.3176489    
 -0.3097049    
 -0.2908455    
 -0.2640277    
 -0.2323621    
 -0.1985797    
 -0.1648662    
 -0.1326916    
 -0.1029671    
 -7.5687923E-02
 -4.9802750E-02
 -2.4417620E-02
  1.1041811E-03
  2.7478490E-02
  5.4583021E-02
  8.1456587E-02
  0.1069546    
  0.1301675    
  0.1504957    
  0.1675689    
  0.1825312    
  0.2004241    
  0.2344203    
  0.3029278    
  0.4132233    
  0.5499368    
  0.6800442    
  0.7663310    
  0.7850524    
  0.7377702    
  0.6456578    
  0.5338935    
  0.4215469    
  0.3194339    
  0.2318991    
  0.1594120    
  0.1005525    
  5.3216759E-02
  1.5258340E-02
  1.0000000E-10
  1.0000000E-10
 -1.2205870E-02
 -3.9970160E-02
 -7.1327262E-02
 -0.1062811    
 -0.1444624    
 -0.1848761    
 -0.2256520    
 -0.2639259    
 -0.2960570    
 -0.3183397    
 -0.3280866    
 -0.3245629    
 -0.3091707    
 -0.2847572    
 -0.2545527    
 -0.2213766    
 -0.1873969    
 -0.1543494    
 -0.1232890    
 -9.4907656E-02
 -6.8975993E-02
 -4.4352051E-02
 -2.0405531E-02
  3.9390270E-03
  2.9392080E-02
  5.5646822E-02
  8.1791498E-02
  0.1069042    
  0.1300382    
  0.1505842    
  0.1686494    
  0.1868556    
  0.2133455    
  0.2629520    
  0.3482923    
  0.4648344    
  0.5880784    
  0.6914599    
  0.7457820    
  0.7330423    
  0.6640164    
  0.5625900    
  0.4518336    
  0.3472042    
  0.2563239    
  0.1813792    
  0.1215662    
  7.4778952E-02
  3.8583729E-02
  1.0735770E-02
  1.0000000E-10
  1.0000000E-10
 -1.4909460E-02
 -4.8270728E-02
 -8.5183688E-02
 -0.1253046    
 -0.1677683    
 -0.2109527    
 -0.2523166    
 -0.2884779    
 -0.3157143    
 -0.3309136    
 -0.3326334    
 -0.3216425    
 -0.3005233    
 -0.2725941    
 -0.2408849    
 -0.2076612    
 -0.1744957    
 -0.1427856    
 -0.1131645    
 -8.6208887E-02
 -6.1583169E-02
 -3.8213558E-02
 -1.5650909E-02
  7.1294880E-03
  3.0991580E-02
  5.5657022E-02
  8.0497950E-02
  0.1047741    
  0.1276166    
  0.1485814    
  0.1688450    
  0.1939776    
  0.2354068    
  0.3037249    
  0.3984692    
  0.5079582    
  0.6108582    
  0.6842314    
  0.7054461    
  0.6630064    
  0.5761164    
  0.4697138    
  0.3636639    
  0.2695048    
  0.1917612    
  0.1306160    
  8.4125154E-02
  4.9617451E-02
  2.4498500E-02
  6.4397091E-03
  1.0000000E-10
  1.0000000E-10
 -1.7464779E-02
 -5.5942692E-02
 -9.7677253E-02
 -0.1419107    
 -0.1872354    
 -0.2314198    
 -0.2713881    
 -0.3035327    
 -0.3244705    
 -0.3320933    
 -0.3263978    
 -0.3094928    
 -0.2846806    
 -0.2552364    
 -0.2236730    
 -0.1916363    
 -0.1601206    
 -0.1303429    
 -0.1023201    
 -7.6851487E-02
 -5.3820342E-02
 -3.2368891E-02
 -1.1643450E-02
  9.5357150E-03
  3.1584751E-02
  5.4435231E-02
  7.7742867E-02
  0.1010372    
  0.1238580    
  0.1469383    
  0.1738132    
  0.2119058    
  0.2691897    
  0.3477137    
  0.4411109    
  0.5361556    
  0.6142817    
  0.6562513    
  0.6454251    
  0.5758634    
  0.4768385    
  0.3708529    
  0.2736528    
  0.1927330    
  0.1296973    
  8.2956858E-02
  4.9661420E-02
  2.6929749E-02
  1.2025660E-02
  2.7061850E-03
  1.0000000E-10
  1.0000000E-10
 -1.9670829E-02
 -6.2352080E-02
 -0.1077325    
 -0.1545956    
 -0.2009992    
 -0.2442001    
 -0.2808151    
 -0.3073664    
 -0.3212073    
 -0.3215024    
 -0.3096538    
 -0.2887415    
 -0.2622620    
 -0.2330498    
 -0.2029864    
 -0.1731768    
 -0.1439205    
 -0.1169468    
 -9.1973707E-02
 -6.8824738E-02
 -4.7420919E-02
 -2.7639350E-02
 -8.4905857E-03
  1.0904910E-02
  3.1064570E-02
  5.2189961E-02
  7.4300043E-02
  9.7514592E-02
  0.1224584    
  0.1513138    
  0.1884866    
  0.2391776    
  0.3058442    
  0.3855562    
  0.4698330    
  0.5456222    
  0.5968086    
  0.6078235    
  0.5674734    
  0.4754286    
  0.3714703    
  0.2718173    
  0.1874914    
  0.1220142    
  7.4375562E-02
  4.1638840E-02
  2.0765040E-02
  8.4593380E-03
  2.1127940E-03
 -1.8452210E-04
  1.0000000E-10
  1.0000000E-10
 -2.1288460E-02
 -6.6764593E-02
 -0.1141228    
 -0.1616975    
 -0.2070920    
 -0.2472340    
 -0.2787279    
 -0.2985835    
 -0.3051865    
 -0.2990451    
 -0.2827148    
 -0.2597532    
 -0.2333852    
 -0.2057936    
 -0.1782691    
 -0.1518842    
 -0.1272835    
 -0.1038114    
 -8.1655674E-02
 -6.0993001E-02
 -4.1963272E-02
 -2.4199611E-02
 -6.7483471E-03
  1.1060150E-02
  2.9827090E-02
  5.0045531E-02
  7.2262079E-02
  9.7344346E-02
  0.1268482    
  0.1632401    
  0.2095715    
  0.2677737    
  0.3366776    
  0.4109732    
  0.4813648    
  0.5354736    
  0.5595404    
  0.5415934    
  0.4753399    
  0.3682092    
  0.2670073    
  0.1791737    
  0.1106458    
  6.1290249E-02
  2.8746661E-02
  9.3927113E-03
 -8.5066329E-04
 -4.8958440E-03
 -4.8285211E-03
 -2.1351171E-03
  1.0000000E-10
  1.0000000E-10
 -2.1985570E-02
 -6.8209939E-02
 -0.1153175    
 -0.1612720    
 -0.2033774    
 -0.2384767    
 -0.2634656    
 -0.2761204    
 -0.2759857    
 -0.2647746    
 -0.2457795    
 -0.2225392    
 -0.1977422    
 -0.1729474    
 -0.1504550    
 -0.1289868    
 -0.1084786    
 -8.9058474E-02
 -7.0739008E-02
 -5.3562760E-02
 -3.7581850E-02
 -2.1995511E-02
 -6.1594350E-03
  1.0535300E-02
  2.8775221E-02
  4.9297910E-02
  7.2994530E-02
  0.1011857    
  0.1355956    
  0.1780452    
  0.2298289    
  0.2904602    
  0.3565626    
  0.4214534    
  0.4755467    
  0.5074309    
  0.5057247    
  0.4619602    
  0.3743355    
  0.2622011    
  0.1706723    
  9.8661557E-02
  4.7070190E-02
  1.4715360E-02
 -3.5344390E-03
 -1.2305090E-02
 -1.4766160E-02
 -1.3121270E-02
 -8.9125792E-03
 -3.2180550E-03
  1.0000000E-10
  1.0000000E-10
 -2.1452131E-02
 -6.5788582E-02
 -0.1099246    
 -0.1516038    
 -0.1880675    
 -0.2163574    
 -0.2339239    
 -0.2394586    
 -0.2336032    
 -0.2189598    
 -0.1990715    
 -0.1771313    
 -0.1554090    
 -0.1368069    
 -0.1192070    
 -0.1026760    
 -8.7243609E-02
 -7.2811536E-02
 -5.9305660E-02
 -4.6538990E-02
 -3.3756848E-02
 -2.0438550E-02
 -6.1148610E-03
  9.8087527E-03
  2.8059181E-02
  4.9483210E-02
  7.5047009E-02
  0.1060838    
  0.1440987    
  0.1901211    
  0.2440123    
  0.3035676    
  0.3638889    
  0.4173942    
  0.4545173    
  0.4650174    
  0.4399328    
  0.3742802    
  0.2706397    
  0.1650532    
  8.7707669E-02
  3.3505488E-02
  1.5342950E-03
 -1.5745681E-02
 -2.3423789E-02
 -2.4841450E-02
 -2.2251090E-02
 -1.7197130E-02
 -1.0747100E-02
 -3.6369250E-03
  1.0000000E-10
  1.0000000E-10
 -1.9029289E-02
 -5.7747990E-02
 -9.5483921E-02
 -0.1299785    
 -0.1586640    
 -0.1789830    
 -0.1890481    
 -0.1884121    
 -0.1785329    
 -0.1624685    
 -0.1436338    
 -0.1249944    
 -0.1099256    
 -9.6235961E-02
 -8.4010072E-02
 -7.3536202E-02
 -6.4390503E-02
 -5.6101300E-02
 -4.8059151E-02
 -3.9541129E-02
 -3.0036651E-02
 -1.9129829E-02
 -6.3891122E-03
  8.7238615E-03
  2.6903970E-02
  4.9006771E-02
  7.5976089E-02
  0.1088721    
  0.1488486    
  0.1962808    
  0.2499224    
  0.3063025    
  0.3594073    
  0.4010349    
  0.4218156    
  0.4127678    
  0.3672785    
  0.2836698    
  0.1696813    
  8.1073552E-02
  2.3113269E-02
 -9.1241896E-03
 -2.5878919E-02
 -3.2876011E-02
 -3.3670802E-02
 -3.0573510E-02
 -2.5127281E-02
 -1.8380471E-02
 -1.1048210E-02
 -3.6129069E-03
  1.0000000E-10
  1.0000000E-10
 -1.4927550E-02
 -4.4638000E-02
 -7.2772779E-02
 -9.7548328E-02
 -0.1167528    
 -0.1282166    
 -0.1307774    
 -0.1245958    
 -0.1113148    
 -9.4648562E-02
 -7.8537099E-02
 -6.7297973E-02
 -5.8558669E-02
 -5.2080039E-02
 -4.7696311E-02
 -4.4639342E-02
 -4.2326439E-02
 -4.0027820E-02
 -3.7012301E-02
 -3.2661121E-02
 -2.6476679E-02
 -1.8064549E-02
 -7.0597930E-03
  6.9838529E-03
  2.4679910E-02
  4.6842031E-02
  7.4379943E-02
  0.1079759    
  0.1484179    
  0.1955929    
  0.2474358    
  0.2995574    
  0.3451146    
  0.3754417    
  0.3813741    
  0.3550324    
  0.2917604    
  0.1923122    
  8.3389454E-02
  1.7678270E-02
 -1.6992770E-02
 -3.4498699E-02
 -4.1614950E-02
 -4.2259190E-02
 -3.8897309E-02
 -3.3151470E-02
 -2.6113341E-02
 -1.8521240E-02
 -1.0868160E-02
 -3.4731070E-03
  1.0000000E-10
  1.0000000E-10
 -7.9158843E-03
 -2.2918399E-02
 -3.6080230E-02
 -4.6229851E-02
 -5.2230518E-02
 -5.3286768E-02
 -4.9090002E-02
 -4.0704191E-02
 -3.0551400E-02
 -2.0605540E-02
 -1.3864320E-02
 -1.0232180E-02
 -8.9940540E-03
 -1.0011530E-02
 -1.2832470E-02
 -1.6790019E-02
 -2.1027019E-02
 -2.4580050E-02
 -2.6560539E-02
 -2.6287099E-02
 -2.3315281E-02
 -1.7362289E-02
 -8.1919031E-03
  4.5127878E-03
  2.1247391E-02
  4.2729650E-02
  6.9804721E-02
  0.1030872    
  0.1428130    
  0.1884829    
  0.2375549    
  0.2850265    
  0.3234610    
  0.3438180    
  0.3370352    
  0.2960250    
  0.2178878    
  0.1067369    
  2.1388480E-02
 -1.9988051E-02
 -4.0880829E-02
 -4.9961358E-02
 -5.1686570E-02
 -4.8765399E-02
 -4.2994712E-02
 -3.5613969E-02
 -2.7483450E-02
 -1.9189781E-02
 -1.1118560E-02
 -3.5089960E-03
  1.0000000E-10
  1.0000000E-10
  6.5915473E-04
  2.7685920E-03
  5.7101441E-03
  9.5554655E-03
  1.4482510E-02
  2.0751581E-02
  2.8465999E-02
  3.7176698E-02
  4.5554131E-02
  5.0942570E-02
  5.1407870E-02
  4.8142429E-02
  4.1499909E-02
  3.2111071E-02
  2.1025030E-02
  9.3867322E-03
 -1.6153620E-03
 -1.0862280E-02
 -1.7474070E-02
 -2.0880129E-02
 -2.0795761E-02
 -1.7113840E-02
 -9.7634336E-03
  1.4263280E-03
  1.6821960E-02
  3.7022680E-02
  6.2794156E-02
  9.4800740E-02
  0.1328136    
  0.1760660    
  0.2217801    
  0.2646345    
  0.2968177    
  0.3089782    
  0.2919674    
  0.2389878    
  0.1480188    
  4.0203080E-02
 -1.4186260E-02
 -4.2085521E-02
 -5.5576108E-02
 -6.0224701E-02
 -5.9132449E-02
 -5.4306202E-02
 -4.7158699E-02
 -3.8715720E-02
 -2.9718051E-02
 -2.0685120E-02
 -1.1964350E-02
 -3.7727400E-03
  1.0000000E-10
  1.0000000E-10
  1.1475670E-02
  3.4913350E-02
  5.7731789E-02
  7.9140663E-02
  9.8107189E-02
  0.1133533    
  0.1241388    
  0.1303821    
  0.1318168    
  0.1275876    
  0.1184171    
  0.1052601    
  8.8840932E-02
  7.0381373E-02
  5.0904550E-02
  3.1815231E-02
  1.4565660E-02
  3.0968850E-04
 -1.0211620E-02
 -1.6652230E-02
 -1.8964641E-02
 -1.7251380E-02
 -1.1612490E-02
 -2.0160540E-03
  1.1783790E-02
  3.0268500E-02
  5.4094471E-02
  8.3870851E-02
  0.1195990    
  0.1597073    
  0.2017292    
  0.2402070    
  0.2671854    
  0.2730646    
  0.2483526    
  0.1859764    
  8.3345421E-02
  4.3081539E-03
 -3.5255939E-02
 -5.5480842E-02
 -6.4486139E-02
 -6.6400006E-02
 -6.3641697E-02
 -5.7791121E-02
 -4.9969539E-02
 -4.1012041E-02
 -3.1546231E-02
 -2.2033680E-02
 -1.2799620E-02
 -4.0595522E-03
  1.0000000E-10
  1.0000000E-10
  2.5690010E-02
  7.5966343E-02
  0.1224084    
  0.1614338    
  0.1901294    
  0.2078289    
  0.2158631    
  0.2163326    
  0.2099568    
  0.1975873    
  0.1796309    
  0.1569828    
  0.1308206    
  0.1027686    
  7.5123973E-02
  4.9271431E-02
  2.6764009E-02
  8.5828081E-03
 -4.8440038E-03
 -1.3502050E-02
 -1.7625241E-02
 -1.7523199E-02
 -1.3439840E-02
 -5.4489821E-03
  6.6032391E-03
  2.3102799E-02
  4.4598650E-02
  7.1593337E-02
  0.1040961    
  0.1409152    
  0.1789235    
  0.2133604    
  0.2361260    
  0.2374461    
  0.2071527    
  0.1366164    
  3.9772749E-02
 -1.8042220E-02
 -4.8040841E-02
 -6.2560767E-02
 -6.7946620E-02
 -6.7673624E-02
 -6.3759543E-02
 -5.7442810E-02
 -4.9557809E-02
 -4.0724520E-02
 -3.1428240E-02
 -2.2048980E-02
 -1.2874230E-02
 -4.1098259E-03
  1.0000000E-10
  1.0000000E-10
  4.2693049E-02
  0.1235620    
  0.1943608    
  0.2494281    
  0.2858477    
  0.3043440    
  0.3085878    
  0.3024633    
  0.2879387    
  0.2658137    
  0.2368038    
  0.2024699    
  0.1652579    
  0.1278888    
  9.2529863E-02
  6.1070029E-02
  3.4718301E-02
  1.4005000E-02
 -1.1364510E-03
 -1.1101930E-02
 -1.6414721E-02
 -1.7557910E-02
 -1.4869780E-02
 -8.4801018E-03
  1.7149430E-03
  1.6038589E-02
  3.4957152E-02
  5.8879480E-02
  8.7762088E-02
  0.1206935    
  0.1549372    
  0.1853223    
  0.2047008    
  0.2028730    
  0.1683592    
  8.8633358E-02
  1.2687260E-02
 -3.1686209E-02
 -5.4127011E-02
 -6.3739657E-02
 -6.5961353E-02
 -6.3886993E-02
 -5.9214901E-02
 -5.2876748E-02
 -4.5438878E-02
 -3.7310701E-02
 -2.8827170E-02
 -2.0270370E-02
 -1.1870450E-02
 -3.8041431E-03
  1.0000000E-10
  1.0000000E-10
  6.1911881E-02
  0.1760736    
  0.2716689    
  0.3417005    
  0.3838620    
  0.4013402    
  0.4006362    
  0.3867264    
  0.3633799    
  0.3299030    
  0.2876182    
  0.2398912    
  0.1908406    
  0.1442568    
  0.1024384    
  6.6994302E-02
  3.8544040E-02
  1.6871899E-02
  1.2789250E-03
 -9.0659838E-03
 -1.4945150E-02
 -1.6962061E-02
 -1.5494540E-02
 -1.0678410E-02
 -2.4159171E-03
  9.5920870E-03
  2.5766520E-02
  4.6468191E-02
  7.1645051E-02
  0.1003478    
  0.1304891    
  0.1579909    
  0.1745330    
  0.1695716    
  0.1270961    
  5.5231482E-02
 -4.6803090E-03
 -3.8549069E-02
 -5.4397121E-02
 -5.9767932E-02
 -5.9446480E-02
 -5.6120802E-02
 -5.1149029E-02
 -4.5180310E-02
 -3.8559310E-02
 -3.1527732E-02
 -2.4296571E-02
 -1.7058341E-02
 -9.9802520E-03
 -3.1963340E-03
  1.0000000E-10
  1.0000000E-10
  8.3096921E-02
  0.2325356    
  0.3529885    
  0.4364129    
  0.4822201    
  0.4969938    
  0.4902514    
  0.4686262    
  0.4354858    
  0.3886719    
  0.3301142    
  0.2672297    
  0.2060546    
  0.1513165    
  0.1046362    
  6.7277737E-02
  3.8637269E-02
  1.7575869E-02
  2.7211809E-03
 -7.1466528E-03
 -1.3001550E-02
 -1.5506620E-02
 -1.5034970E-02
 -1.1696300E-02
 -5.3717061E-03
  4.2417990E-03
  1.7551070E-02
  3.4905799E-02
  5.6302730E-02
  8.0939218E-02
  0.1067153    
  0.1299626    
  0.1434826    
  0.1339758    
  9.1094457E-02
  3.1231690E-02
 -1.4941950E-02
 -3.9745629E-02
 -4.9949519E-02
 -5.2003410E-02
 -4.9996030E-02
 -4.6107098E-02
 -4.1326098E-02
 -3.6053341E-02
 -3.0471230E-02
 -2.4712481E-02
 -1.8908640E-02
 -1.3189180E-02
 -7.6690312E-03
 -2.4389671E-03
  1.0000000E-10
  1.0000000E-10
  0.1062585    
  0.2926708    
  0.4373330    
  0.5320356    
  0.5792279    
  0.5897814    
  0.5763112    
  0.5475977    
  0.5045682    
  0.4421723    
  0.3629813    
  0.2832228    
  0.2100758    
  0.1487248    
  9.9602953E-02
  6.2639117E-02
  3.5642210E-02
  1.6550340E-02
  3.3943269E-03
 -5.3144768E-03
 -1.0644030E-02
 -1.3256020E-02
 -1.3490340E-02
 -1.1421780E-02
 -6.9087492E-03
  3.5984421E-04
  1.0789180E-02
  2.4736181E-02
  4.2261131E-02
  6.2778927E-02
  8.4520653E-02
  0.1043010    
  0.1143255    
  0.1019467    
  6.3049160E-02
  1.4946920E-02
 -1.9411709E-02
 -3.6554869E-02
 -4.2337488E-02
 -4.2187210E-02
 -3.9397839E-02
 -3.5589859E-02
 -3.1401921E-02
 -2.7036769E-02
 -2.2572231E-02
 -1.8083600E-02
 -1.3663710E-02
 -9.4079711E-03
 -5.3971852E-03
 -1.6884200E-03
  1.0000000E-10
  1.0000000E-10
  0.1314355    
  0.3561467    
  0.5236543    
  0.6268401    
  0.6728884    
  0.6780013    
  0.6576802    
  0.6231192    
  0.5715303    
  0.4915285    
  0.3849681    
  0.2871036    
  0.2027019    
  0.1374088    
  8.8580750E-02
  5.4250229E-02
  3.0430680E-02
  1.4287300E-02
  3.4446879E-03
 -3.6807230E-03
 -8.1388671E-03
 -1.0534460E-02
 -1.1158160E-02
 -1.0056750E-02
 -7.0832698E-03
 -1.9366720E-03
  5.7752002E-03
  1.6415451E-02
  3.0104659E-02
  4.6452571E-02
  6.4048953E-02
  8.0317900E-02
  8.7055743E-02
  7.4119233E-02
  4.1730069E-02
  4.8476318E-03
 -1.9472850E-02
 -3.0584089E-02
 -3.3295151E-02
 -3.1997658E-02
 -2.9161600E-02
 -2.5884330E-02
 -2.2519579E-02
 -1.9133700E-02
 -1.5745610E-02
 -1.2405940E-02
 -9.1942744E-03
 -6.1928160E-03
 -3.4654839E-03
 -1.0490740E-03
  1.0000000E-10
  1.0000000E-10
  0.1590786    
  0.4232981    
  0.6112770    
  0.7190157    
  0.7608110    
  0.7592750    
  0.7331802    
  0.6946100    
  0.6377563    
  0.5394043    
  0.3948916    
  0.2790270    
  0.1844971    
  0.1189628    
  7.3330447E-02
  4.3582421E-02
  2.4016650E-02
  1.1334230E-02
  3.0381179E-03
 -2.3607891E-03
 -5.7910210E-03
 -7.7577578E-03
 -8.4940726E-03
 -8.0296611E-03
 -6.2335911E-03
 -2.8418920E-03
  2.4972609E-03
  1.0131410E-02
  2.0226739E-02
  3.2563679E-02
  4.6055801E-02
  5.8617540E-02
  6.2631249E-02
  5.1149260E-02
  2.6176229E-02
 -4.0689041E-04
 -1.6798560E-02
 -2.3463581E-02
 -2.4323929E-02
 -2.2687159E-02
 -2.0264311E-02
 -1.7730040E-02
 -1.5241230E-02
 -1.2785290E-02
 -1.0352290E-02
 -7.9824245E-03
 -5.7510091E-03
 -3.7368289E-03
 -1.9985940E-03
 -5.6555372E-04
  1.0000000E-10
  1.0000000E-10
  0.1904801    
  0.4955870    
  0.6998628    
  0.8063986    
  0.8401693    
  0.8311322    
  0.8011346    
  0.7612690    
  0.7043509    
  0.5896677    
  0.3903953    
  0.2581281    
  0.1570819    
  9.5505290E-02
  5.5917941E-02
  3.2192610E-02
  1.7399570E-02
  8.2247611E-03
  2.3723750E-03
 -1.3953591E-03
 -3.8143131E-03
 -5.2672960E-03
 -5.9273462E-03
 -5.8147060E-03
 -4.8284940E-03
 -2.7624120E-03
  6.6802738E-04
  5.7630432E-03
  1.2703050E-02
  2.1403760E-02
  3.1090280E-02
  4.0000461E-02
  4.2170111E-02
  3.3262219E-02
  1.5519840E-02
 -2.4845800E-03
 -1.2876570E-02
 -1.6496340E-02
 -1.6439540E-02
 -1.4959100E-02
 -1.3144360E-02
 -1.1370160E-02
 -9.6792961E-03
 -8.0248453E-03
 -6.3853739E-03
 -4.7929669E-03
 -3.3163819E-03
 -2.0310129E-03
 -9.9513715E-04
 -2.3927470E-04
  1.0000000E-10
  1.0000000E-10
  0.2285654    
  0.5760258    
  0.7888656    
  0.8859221    
  0.9076670    
  0.8912709    
  0.8600547    
  0.8221922    
  0.7717011    
  0.6482989    
  0.3704268    
  0.2253390    
  0.1223362    
  6.9574170E-02
  3.8512051E-02
  2.1493400E-02
  1.1397950E-02
  5.3871698E-03
  1.6376140E-03
 -7.5124082E-04
 -2.2958580E-03
 -3.2557091E-03
 -3.7472211E-03
 -3.7845471E-03
 -3.3002230E-03
 -2.1521910E-03
 -1.3713460E-04
  2.9729661E-03
  7.3376051E-03
  1.2955740E-02
  1.9332720E-02
  2.5026090E-02
  2.6110740E-02
  2.0054040E-02
  8.5487841E-03
 -2.7105359E-03
 -8.7552872E-03
 -1.0512980E-02
 -1.0144480E-02
 -9.0432456E-03
 -7.8411615E-03
 -6.7234528E-03
 -5.6811729E-03
 -4.6625398E-03
 -3.6442520E-03
 -2.6485960E-03
 -1.7312310E-03
 -9.5826102E-04
 -3.8568361E-04
 -4.8343700E-05
  1.0000000E-10
  1.0000000E-10
  0.2796153    
  0.6689578    
  0.8759468    
  0.9529897    
  0.9598929    
  0.9379483    
  0.9089649    
  0.8765331    
  0.8383901    
  0.7197463    
  0.3280722    
  0.1797196    
  8.3461493E-02
  4.4176169E-02
  2.3115510E-02
  1.2547210E-02
  6.5417150E-03
  3.0899011E-03
  9.7645522E-04
 -3.5767339E-04
 -1.2246839E-03
 -1.7773280E-03
 -2.0841630E-03
 -2.1543349E-03
 -1.9492730E-03
 -1.3848710E-03
 -3.3633650E-04
  1.3440490E-03
  3.7713391E-03
  6.9770669E-03
  1.0680960E-02
  1.3870170E-02
  1.4369810E-02
  1.0818200E-02
  4.2055072E-03
 -2.0404200E-03
 -5.1643229E-03
 -5.8993720E-03
 -5.5406489E-03
 -4.8538912E-03
 -4.1628168E-03
 -3.5459241E-03
 -2.9806700E-03
 -2.4265309E-03
 -1.8640350E-03
 -1.3052940E-03
 -7.8789511E-04
 -3.6163931E-04
 -7.4170050E-05
  3.8544669E-05
  1.0000000E-10
  1.0000000E-10
  0.3568656    
  0.7786995    
  0.9554089    
   1.001901    
  0.9942674    
  0.9708841    
  0.9478248    
  0.9242071    
  0.9024011    
  0.8067951    
  0.2617433    
  0.1194835    
  4.5784451E-02
  2.2584939E-02
  1.1231280E-02
  5.9563839E-03
  3.0620210E-03
  1.4455150E-03
  4.7085620E-04
 -1.3972131E-04
 -5.3806743E-04
 -7.9713861E-04
 -9.4975083E-04
 -1.0007570E-03
 -9.3241251E-04
 -7.0460822E-04
 -2.5572680E-04
  4.9060438E-04
  1.5990780E-03
  3.0997850E-03
  4.8568482E-03
  6.3234442E-03
  6.5252781E-03
  4.8332401E-03
  1.7064220E-03
 -1.1468960E-03
 -2.4781581E-03
 -2.7146200E-03
 -2.4892960E-03
 -2.1471661E-03
 -1.8241151E-03
 -1.5459900E-03
 -1.2953579E-03
 -1.0483840E-03
 -7.9256238E-04
 -5.3218118E-04
 -2.8670381E-04
 -8.5723586E-05
  3.7888200E-05
  5.4405220E-05
  1.0000000E-10
  1.0000000E-10
  0.4986041    
  0.8966453    
   1.009394    
   1.023418    
   1.008574    
  0.9898583    
  0.9754206    
  0.9619686    
  0.9535487    
  0.8891705    
  0.1707258    
  5.4071870E-02
  1.6638439E-02
  7.6699019E-03
  3.6451600E-03
  1.8932290E-03
  9.6144172E-04
  4.5374170E-04
  1.5201401E-04
 -3.5731919E-05
 -1.5868410E-04
 -2.4019580E-04
 -2.9079500E-04
 -3.1221050E-04
 -2.9901869E-04
 -2.3845219E-04
 -1.1017290E-04
  1.1219170E-04
  4.5271669E-04
  9.2593249E-04
  1.4866430E-03
  1.9422630E-03
  2.0015130E-03
  1.4584770E-03
  4.5736780E-04
 -4.2431301E-04
 -8.0102793E-04
 -8.4076333E-04
 -7.5159263E-04
 -6.3749071E-04
 -5.3613808E-04
 -4.5227859E-04
 -3.7823699E-04
 -3.0481911E-04
 -2.2675149E-04
 -1.4441631E-04
 -6.4100699E-05
  2.7322769E-06
  4.0480842E-05
  3.2175780E-05
  1.0000000E-10
  1.0000000E-10
  0.6292991    
   1.006837    
   1.040485    
   1.028707    
   1.013098    
   1.001448    
  0.9954031    
  0.9911283    
  0.9940389    
  0.9655548    
  6.0606569E-02
  8.8923462E-03
  1.4950760E-03
  5.3643150E-04
  2.0909210E-04
  9.6754287E-05
  4.5828259E-05
  2.1628421E-05
  8.6328919E-06
  9.0842002E-07
 -4.3072132E-06
 -8.2867937E-06
 -1.1596060E-05
 -1.4389540E-05
 -1.6463389E-05
 -1.7155329E-05
 -1.5160620E-05
 -8.4122712E-06
  5.5796008E-06
  2.8963970E-05
  5.8867350E-05
  8.0555918E-05
  8.3036561E-05
  5.2669831E-05
 -4.1890962E-06
 -4.3757002E-05
 -4.7447320E-05
 -3.7189551E-05
 -2.6379979E-05
 -1.8475321E-05
 -1.3578260E-05
 -1.0767400E-05
 -8.9028799E-06
 -6.9500120E-06
 -4.0658470E-06
  1.7037830E-07
  5.6993399E-06
  1.1459790E-05
  1.4498400E-05
  9.2470063E-06
  1.0000000E-10
  1.0000000E-10
  0.9999996    
  0.9999996    
  0.9999996    
  0.9999996    
  0.9999996    
  0.9999996    
  0.9999996    
  0.9999996    
  0.9999996    
  0.9999996    
  1.0000000E-10
  1.0000000E-10
  1.0000000E-10
  1.0000000E-10
  1.0000000E-10
  1.0000000E-10
  1.0000000E-10
  1.0000000E-10
  1.0000000E-10
  1.0000000E-10
  1.0000000E-10
  1.0000000E-10
  1.0000000E-10
  1.0000000E-10
  1.0000000E-10
  1.0000000E-10
  1.0000000E-10
  1.0000000E-10
  1.0000000E-10
  1.0000000E-10
  1.0000000E-10
  1.0000000E-10
  1.0000000E-10
  1.0000000E-10
  1.0000000E-10
  1.0000000E-10
  1.0000000E-10
  1.0000000E-10
  1.0000000E-10
  1.0000000E-10
  1.0000000E-10
  1.0000000E-10
  1.0000000E-10
  1.0000000E-10
  1.0000000E-10
  1.0000000E-10
  1.0000000E-10
  1.0000000E-10
  1.0000000E-10
  1.0000000E-10
  1.0000000E-10
