  1.0000000E-10
  1.0000000E-10
  1.0000000E-10
  1.0000000E-10
  1.0000000E-10
  1.0000000E-10
  1.0000000E-10
  1.0000000E-10
  1.0000000E-10
  1.0000000E-10
  1.0000000E-10
  1.0000000E-10
  1.0000000E-10
  1.0000000E-10
  1.0000000E-10
  1.0000000E-10
  1.0000000E-10
  1.0000000E-10
  1.0000000E-10
  1.0000000E-10
  1.0000000E-10
  1.0000000E-10
  1.0000000E-10
  1.0000000E-10
  1.0000000E-10
  1.0000000E-10
  1.0000000E-10
  1.0000000E-10
  1.0000000E-10
  1.0000000E-10
  1.0000000E-10
  1.0000000E-10
  1.0000000E-10
  1.0000000E-10
  1.0000000E-10
  1.0000000E-10
  1.0000000E-10
  1.0000000E-10
  1.0000000E-10
  1.0000000E-10
  1.0000000E-10
  1.0000000E-10
  1.0000000E-10
  1.0000000E-10
  1.0000000E-10
  1.0000000E-10
  1.0000000E-10
  1.0000000E-10
  1.0000000E-10
  1.0000000E-10
  1.0000000E-10
  1.0000000E-10
  1.0000000E-10
  1.7822950E-06
  4.3291930E-06
  4.6497880E-06
 -3.2961500E-06
 -2.3642649E-05
 -5.9702190E-05
 -1.1388750E-04
 -1.8731700E-04
 -2.7929270E-04
 -3.8648499E-04
 -5.0159573E-04
 -6.1100721E-04
 -6.9073198E-04
 -7.0029142E-04
 -5.7540077E-04
 -2.2540140E-04
  4.5602751E-04
  1.5328090E-03
  2.9378140E-03
  4.4455598E-03
  5.7236310E-03
  6.5145232E-03
  6.7381170E-03
  6.4550401E-03
  5.7963692E-03
  4.9174931E-03
  3.9694360E-03
  3.0704120E-03
  2.3074271E-03
  1.7163460E-03
  1.3347210E-03
  1.1297070E-03
  1.2591541E-03
  1.5880730E-03
  3.0207990E-03
  4.3969550E-03
  1.0525870E-02
  1.0984770E-02
  4.9618911E-02
 -1.4463880E-02
 -1.3658450E-02
 -3.8445119E-03
 -7.3420140E-03
 -9.6495990E-03
 -1.3963770E-02
 -2.2019710E-02
 -3.9032038E-02
 -7.9070032E-02
 -0.1454924    
 -0.1416464    
  1.0000000E-10
  1.0000000E-10
  2.0782629E-06
  2.1997459E-06
 -7.2566031E-06
 -3.9047161E-05
 -1.0508010E-04
 -2.1616810E-04
 -3.8074091E-04
 -6.0317031E-04
 -8.8177528E-04
 -1.2059840E-03
 -1.5519100E-03
 -1.8749170E-03
 -2.0972439E-03
 -2.0897940E-03
 -1.6512250E-03
 -5.0220737E-04
  1.6787980E-03
  5.0816759E-03
  9.5032090E-03
  1.4252550E-02
  1.8302020E-02
  2.0859910E-02
  2.1665940E-02
  2.0881221E-02
  1.8889509E-02
  1.6161811E-02
  1.3169680E-02
  1.0293130E-02
  7.8206174E-03
  5.8849799E-03
  4.6162200E-03
  3.9342931E-03
  4.3112389E-03
  5.3870282E-03
  9.7425962E-03
  1.4111040E-02
  3.1584501E-02
  3.2667149E-02
  0.1179787    
 -2.7612399E-02
 -3.5895199E-02
 -1.3538780E-02
 -2.1905711E-02
 -2.8660219E-02
 -4.1554060E-02
 -6.4724721E-02
 -0.1060418    
 -0.1689847    
 -0.2151169    
 -0.1477204    
  1.0000000E-10
  1.0000000E-10
  1.1217310E-06
 -7.1160930E-06
 -3.5322581E-05
 -9.9760910E-05
 -2.1802221E-04
 -4.0776780E-04
 -6.8372767E-04
 -1.0541721E-03
 -1.5167960E-03
 -2.0532520E-03
 -2.6210849E-03
 -3.1408200E-03
 -3.4752309E-03
 -3.3997151E-03
 -2.5697709E-03
 -5.1495800E-04
  3.2966880E-03
  9.1729974E-03
  1.6776741E-02
  2.4949091E-02
  3.1951670E-02
  3.6459591E-02
  3.8017411E-02
  3.6853060E-02
  3.3575282E-02
  2.8959939E-02
  2.3808900E-02
  1.8787500E-02
  1.4416560E-02
  1.0958700E-02
  8.6588049E-03
  7.4148448E-03
  7.9991492E-03
  9.8723229E-03
  1.7064249E-02
  2.4435120E-02
  5.1460210E-02
  5.2514382E-02
  0.1543823    
 -3.2533649E-02
 -5.5909630E-02
 -2.5460290E-02
 -3.8445462E-02
 -4.9461070E-02
 -7.0205472E-02
 -0.1039286    
 -0.1521312    
 -0.1980829    
 -0.1910186    
 -8.2573667E-02
  1.0000000E-10
  1.0000000E-10
 -4.9695171E-08
 -2.0084241E-05
 -7.3322037E-05
 -1.7785961E-04
 -3.5464991E-04
 -6.2638981E-04
 -1.0131210E-03
 -1.5267170E-03
 -2.1641201E-03
 -2.8985101E-03
 -3.6669150E-03
 -4.3513728E-03
 -4.7500362E-03
 -4.5374120E-03
 -3.2232329E-03
 -1.4994779E-04
  5.4109758E-03
  1.3869500E-02
  2.4760600E-02
  3.6466569E-02
  4.6540368E-02
  5.3157769E-02
  5.5667121E-02
  5.4316580E-02
  4.9888071E-02
  4.3427929E-02
  3.6062650E-02
  2.8760349E-02
  2.2307539E-02
  1.7138209E-02
  1.3640980E-02
  1.1724580E-02
  1.2430790E-02
  1.5084440E-02
  2.4820570E-02
  3.4944821E-02
  6.8796590E-02
  6.9813110E-02
  0.1628367    
 -3.5663292E-02
 -7.3009089E-02
 -3.8716171E-02
 -5.6002140E-02
 -7.0299096E-02
 -9.6022777E-02
 -0.1322299    
 -0.1711805    
 -0.1856691    
 -0.1369358    
 -3.2375790E-02
  1.0000000E-10
  1.0000000E-10
 -1.0593850E-06
 -3.4012679E-05
 -1.1509960E-04
 -2.6384121E-04
 -5.0280528E-04
 -8.5747731E-04
 -1.3511321E-03
 -1.9977139E-03
 -2.7923081E-03
 -3.6984091E-03
 -4.6304888E-03
 -5.4287892E-03
 -5.8226669E-03
 -5.3825988E-03
 -3.4744730E-03
  7.3477661E-04
  8.1462720E-03
  1.9247109E-02
  3.3454269E-02
  4.8706681E-02
  6.1865620E-02
  7.0689701E-02
  7.4370697E-02
  7.3105589E-02
  6.7769989E-02
  5.9629969E-02
  5.0089840E-02
  4.0429320E-02
  3.1733520E-02
  2.4658840E-02
  1.9774539E-02
  1.7041100E-02
  1.7719571E-02
  2.1037020E-02
  3.2776762E-02
  4.5141611E-02
  8.2369097E-02
  8.3563499E-02
  0.1507618    
 -4.0317509E-02
 -8.7015353E-02
 -5.2679729E-02
 -7.3314577E-02
 -8.9336663E-02
 -0.1162418    
 -0.1474666    
 -0.1687318    
 -0.1537336    
 -8.5570358E-02
 -8.8715656E-03
  1.0000000E-10
  1.0000000E-10
 -1.8152630E-06
 -4.6912679E-05
 -1.5493880E-04
 -3.4712139E-04
 -6.4674183E-04
 -1.0800690E-03
 -1.6709859E-03
 -2.4328311E-03
 -3.3564849E-03
 -4.3936190E-03
 -5.4337778E-03
 -6.2725050E-03
 -6.5675741E-03
 -5.7851719E-03
 -3.1544771E-03
  2.3136060E-03
  1.1658760E-02
  2.5410270E-02
  4.2879540E-02
  6.1569098E-02
  7.7619113E-02
  8.8687591E-02
  9.3768261E-02
  9.2926703E-02
  8.7039463E-02
  7.7507451E-02
  6.5972112E-02
  5.4001961E-02
  4.2950910E-02
  3.3785719E-02
  2.7302470E-02
  2.3563391E-02
  2.3980049E-02
  2.7712859E-02
  4.0652409E-02
  5.4500859E-02
  9.1305427E-02
  9.2182651E-02
  0.1267980    
 -4.7372680E-02
 -9.8204762E-02
 -6.6666521E-02
 -8.9137152E-02
 -0.1051157    
 -0.1295555    
 -0.1509169    
 -0.1531488    
 -0.1181781    
 -5.0833441E-02
 -1.8280020E-03
  1.0000000E-10
  1.0000000E-10
 -2.3157829E-06
 -5.7283069E-05
 -1.8780060E-04
 -4.1702771E-04
 -7.6860731E-04
 -1.2681390E-03
 -1.9375650E-03
 -2.7863111E-03
 -3.7975530E-03
 -4.9078618E-03
 -5.9788590E-03
 -6.7588072E-03
 -6.8326630E-03
 -5.5652070E-03
 -2.0611370E-03
  4.7983341E-03
  1.6148791E-02
  3.2517381E-02
  5.3126719E-02
  7.4886702E-02
  9.3469433E-02
  0.1067197    
  0.1133820    
  0.1133346    
  0.1073534    
  9.6864261E-02
  8.3658613E-02
  6.9558270E-02
  5.6207988E-02
  4.4798300E-02
  3.6488749E-02
  3.1503290E-02
  3.1322509E-02
  3.5065439E-02
  4.8167322E-02
  6.2535428E-02
  9.5297709E-02
  9.4147854E-02
  9.7380273E-02
 -5.7566039E-02
 -0.1067796    
 -7.9816580E-02
 -0.1024106    
 -0.1166948    
 -0.1357979    
 -0.1452386    
 -0.1313715    
 -8.7026618E-02
 -3.1122889E-02
 -5.7071430E-04
  1.0000000E-10
  1.0000000E-10
 -2.5782269E-06
 -6.3943400E-05
 -2.0938310E-04
 -4.6362780E-04
 -8.5029542E-04
 -1.3932140E-03
 -2.1102161E-03
 -3.0034920E-03
 -4.0443828E-03
 -5.1500718E-03
 -6.1504971E-03
 -6.7440988E-03
 -6.4430591E-03
 -4.5162719E-03
  4.0007439E-05
  8.4437309E-03
  2.1876629E-02
  4.0816650E-02
  6.4402439E-02
  8.8439032E-02
  0.1091267    
  0.1243371    
  0.1326548    
  0.1337411    
  0.1281799    
  0.1172991    
  0.1029221    
  8.7039471E-02
  7.1561791E-02
  5.7958819E-02
  4.7594860E-02
  4.1067909E-02
  3.9844729E-02
  4.3025229E-02
  5.5099171E-02
  6.8850607E-02
  9.4697163E-02
  8.9178286E-02
  6.6686347E-02
 -6.8032026E-02
 -0.1126460    
 -9.1199853E-02
 -0.1123661    
 -0.1236312    
 -0.1355854    
 -0.1333200    
 -0.1081601    
 -6.2868938E-02
 -2.0274481E-02
 -4.1243050E-04
  1.0000000E-10
  1.0000000E-10
 -2.6205089E-06
 -6.5983673E-05
 -2.1623140E-04
 -4.7850929E-04
 -8.7549398E-04
 -1.4280010E-03
 -2.1478140E-03
 -3.0268619E-03
 -4.0204879E-03
 -5.0216960E-03
 -5.8242651E-03
 -6.0739312E-03
 -5.2105701E-03
 -2.4138161E-03
  3.4113841E-03
  1.3550590E-02
  2.9174531E-02
  5.0686289E-02
  7.6775871E-02
  0.1022255    
  0.1243997    
  0.1411566    
  0.1510257    
  0.1534661    
  0.1488103    
  0.1381744    
  0.1232778    
  0.1061564    
  8.8901363E-02
  7.3265739E-02
  6.0834602E-02
  5.2425370E-02
  4.9614809E-02
  5.1503539E-02
  6.1323129E-02
  7.3161960E-02
  9.0320170E-02
  7.8608014E-02
  3.8198359E-02
 -7.7511936E-02
 -0.1161294    
 -0.1001879    
 -0.1186125    
 -0.1259187    
 -0.1300100    
 -0.1178121    
 -8.6489193E-02
 -4.5426860E-02
 -1.3949350E-02
 -3.2811341E-04
  1.0000000E-10
  1.0000000E-10
 -2.4644621E-06
 -6.2847430E-05
 -2.0609540E-04
 -4.5585309E-04
 -8.3217898E-04
 -1.3510500E-03
 -2.0160370E-03
 -2.8059320E-03
 -3.6561540E-03
 -4.4306610E-03
 -4.8820679E-03
 -4.5996821E-03
 -2.9505340E-03
  9.6982467E-04
  8.3325710E-03
  2.0458041E-02
  3.8447648E-02
  6.2661111E-02
  9.0222597E-02
  0.1163346    
  0.1392350    
  0.1569348    
  0.1680268    
  0.1718324    
  0.1684270    
  0.1586371    
  0.1439493    
  0.1262983    
  0.1078242    
  9.0483867E-02
  7.6072536E-02
  6.5643691E-02
  6.0630679E-02
  6.0383148E-02
  6.6802993E-02
  7.5292572E-02
  8.3000660E-02
  6.3928999E-02
  1.1906380E-02
 -8.5277878E-02
 -0.1175776    
 -0.1063993    
 -0.1210901    
 -0.1238851    
 -0.1203684    
 -0.1008833    
 -6.7849867E-02
 -3.3193681E-02
 -9.9603971E-03
 -2.4119420E-04
  1.0000000E-10
  1.0000000E-10
 -2.1475050E-06
 -5.4525121E-05
 -1.7856600E-04
 -3.9394959E-04
 -7.1570202E-04
 -1.1523300E-03
 -1.6963470E-03
 -2.3101601E-03
 -2.9052419E-03
 -3.3115009E-03
 -3.2346870E-03
 -2.2022789E-03
  4.9488881E-04
  5.8443551E-03
  1.5080160E-02
  2.9513231E-02
  5.0149679E-02
  7.6964863E-02
  0.1047960    
  0.1308611    
  0.1536665    
  0.1715705    
  0.1833432    
  0.1882690    
  0.1862180    
  0.1777091    
  0.1639075    
  0.1465059    
  0.1275349    
  0.1090166    
  9.2863820E-02
  8.0347113E-02
  7.2731160E-02
  6.9481067E-02
  7.1530961E-02
  7.5236700E-02
  7.3546089E-02
  4.6666451E-02
 -1.0022780E-02
 -9.0626784E-02
 -0.1170581    
 -0.1095711    
 -0.1199369    
 -0.1180679    
 -0.1079692    
 -8.4127247E-02
 -5.2619189E-02
 -2.4566559E-02
 -7.2712339E-03
 -1.6866840E-04
  1.0000000E-10
  1.0000000E-10
 -1.7344551E-06
 -4.1771651E-05
 -1.3577539E-04
 -2.9677240E-04
 -5.3182419E-04
 -8.3855132E-04
 -1.1945770E-03
 -1.5416440E-03
 -1.7622890E-03
 -1.6462629E-03
 -8.4498711E-04
  1.1842740E-03
  5.2347360E-03
  1.2381180E-02
  2.3901209E-02
  4.1034311E-02
  6.4744823E-02
  9.3170173E-02
  0.1204528    
  0.1457112    
  0.1676264    
  0.1849677    
  0.1967587    
  0.2023457    
  0.2014817    
  0.1944232    
  0.1819912    
  0.1655405    
  0.1468422    
  0.1278105    
  0.1103327    
  9.5790513E-02
  8.5288674E-02
  7.8443997E-02
  7.5430639E-02
  7.3221236E-02
  6.2922679E-02
  2.9116720E-02
 -2.7336949E-02
 -9.3501478E-02
 -0.1146601    
 -0.1096430    
 -0.1154503    
 -0.1091601    
 -9.4045639E-02
 -6.8595648E-02
 -4.0525131E-02
 -1.8344861E-02
 -5.3697941E-03
 -1.1361990E-04
  1.0000000E-10
  1.0000000E-10
 -1.3204490E-06
 -2.6166719E-05
 -8.2593193E-05
 -1.7442940E-04
 -2.9762459E-04
 -4.3488361E-04
 -5.4397457E-04
 -5.3999288E-04
 -2.6927920E-04
  5.2761810E-04
  2.2649281E-03
  5.5688848E-03
  1.1330290E-02
  2.0717490E-02
  3.5001289E-02
  5.5307541E-02
  8.2311511E-02
  0.1104038    
  0.1365923    
  0.1603226    
  0.1806611    
  0.1967728    
  0.2079529    
  0.2136668    
  0.2136329    
  0.2079269    
  0.1970688    
  0.1820497    
  0.1642819    
  0.1454115    
  0.1271369    
  0.1108008    
  9.7338922E-02
  8.6566240E-02
  7.8267843E-02
  6.9539420E-02
  5.1678780E-02
  1.2444140E-02
 -4.0624961E-02
 -9.4188459E-02
 -0.1106038    
 -0.1068057    
 -0.1081180    
 -9.8009363E-02
 -7.9715922E-02
 -5.4882359E-02
 -3.1049000E-02
 -1.3752980E-02
 -3.9839041E-03
 -7.3820018E-05
  1.0000000E-10
  1.0000000E-10
 -1.0140830E-06
 -9.7292041E-06
 -2.5374309E-05
 -4.0426701E-05
 -3.6589860E-05
  2.2852761E-05
  2.0622950E-04
  6.3346192E-04
  1.5054210E-03
  3.1450060E-03
  6.0498770E-03
  1.0951050E-02
  1.8859791E-02
  3.1037470E-02
  4.8607402E-02
  7.2615743E-02
  0.1013120    
  0.1278688    
  0.1520077    
  0.1735013    
  0.1917315    
  0.2061470    
  0.2162620    
  0.2216635    
  0.2220777    
  0.2174725    
  0.2081436    
  0.1947590    
  0.1783456    
  0.1601793    
  0.1416375    
  0.1238818    
  0.1076699    
  9.3027599E-02
  7.9665393E-02
  6.4567164E-02
  4.0086780E-02
 -1.6883770E-03
 -4.9896549E-02
 -9.2782781E-02
 -0.1050413    
 -0.1014000    
 -9.8589212E-02
 -8.5568339E-02
 -6.5924287E-02
 -4.3227550E-02
 -2.3671400E-02
 -1.0312180E-02
 -2.9573150E-03
 -4.6243371E-05
  1.0000000E-10
  1.0000000E-10
 -8.8974008E-07
  6.1222190E-06
  3.1404630E-05
  9.5734678E-05
  2.3488590E-04
  5.1014480E-04
  1.0237870E-03
  1.9421690E-03
  3.5291740E-03
  6.1918581E-03
  1.0538160E-02
  1.7439870E-02
  2.8057151E-02
  4.3665890E-02
  6.4971790E-02
  9.2473149E-02
  0.1191271    
  0.1431756    
  0.1648220    
  0.1835494    
  0.1993351    
  0.2118303    
  0.2206524    
  0.2254883    
  0.2260782    
  0.2223207    
  0.2143540    
  0.2025916    
  0.1877101    
  0.1705898    
  0.1522240    
  0.1335097    
  0.1150329    
  9.7068161E-02
  7.9358570E-02
  5.9009701E-02
  2.9196789E-02
 -1.2730210E-02
 -5.5581219E-02
 -8.9515977E-02
 -9.8178193E-02
 -9.3934417E-02
 -8.7650612E-02
 -7.2804742E-02
 -5.3378940E-02
 -3.3628888E-02
 -1.7963709E-02
 -7.7204001E-03
 -2.1928919E-03
 -2.7812470E-05
  1.0000000E-10
  1.0000000E-10
 -9.3775611E-07
  2.1985879E-05
  8.9849149E-05
  2.3906041E-04
  5.2684330E-04
  1.0454940E-03
  1.9412210E-03
  3.4414169E-03
  5.8929538E-03
  9.8139951E-03
  1.5961351E-02
  2.5385721E-02
  3.9330568E-02
  5.8670469E-02
  8.2773387E-02
  0.1090826    
  0.1327198    
  0.1540527    
  0.1727850    
  0.1888365    
  0.2021767    
  0.2126777    
  0.2200925    
  0.2242228    
  0.2248217    
  0.2217243    
  0.2149448    
  0.2047014    
  0.1913779    
  0.1754894    
  0.1576518    
  0.1384865    
  0.1184448    
  9.8100998E-02
  7.7021338E-02
  5.2666929E-02
  1.9041959E-02
 -2.1035150E-02
 -5.8439512E-02
 -8.4901512E-02
 -9.0436079E-02
 -8.5146010E-02
 -7.6210991E-02
 -6.0624991E-02
 -4.2542879E-02
 -2.5954841E-02
 -1.3600350E-02
 -5.7797548E-03
 -1.6273210E-03
 -1.6078460E-05
  1.0000000E-10
  1.0000000E-10
 -1.0140840E-06
  4.1487900E-05
  1.6190020E-04
  4.1623210E-04
  8.8884879E-04
  1.7115769E-03
  3.0867800E-03
  5.3196428E-03
  8.8631697E-03
  1.4379030E-02
  2.2797450E-02
  3.5240348E-02
  5.2624170E-02
  7.3669091E-02
  9.7945951E-02
  0.1215485    
  0.1425928    
  0.1610234    
  0.1766241    
  0.1895061    
  0.1999306    
  0.2082002    
  0.2139856    
  0.2172306    
  0.2176782    
  0.2150806    
  0.2093355    
  0.2004919    
  0.1885884    
  0.1739291    
  0.1569390    
  0.1380248    
  0.1174293    
  9.5933497E-02
  7.2653897E-02
  4.5221370E-02
  1.0384010E-02
 -2.6888220E-02
 -5.9175380E-02
 -7.9549342E-02
 -8.2409337E-02
 -7.5930707E-02
 -6.5209128E-02
 -4.9787220E-02
 -3.3659089E-02
 -2.0024881E-02
 -1.0339530E-02
 -4.3550530E-03
 -1.2174270E-03
 -9.2285836E-06
  1.0000000E-10
  1.0000000E-10
 -9.1928740E-07
  6.9669542E-05
  2.6412820E-04
  6.6407141E-04
  1.3884960E-03
  2.6185771E-03
  4.6252520E-03
  7.8079160E-03
  1.2744860E-02
  2.0228140E-02
  3.1222690E-02
  4.6331331E-02
  6.5097712E-02
  8.6297922E-02
  0.1094600    
  0.1301670    
  0.1482086    
  0.1632928    
  0.1754076    
  0.1849054    
  0.1922150    
  0.1980014    
  0.2019650    
  0.2041617    
  0.2043149    
  0.2020719    
  0.1972190    
  0.1893226    
  0.1784957    
  0.1649676    
  0.1489601    
  0.1307638    
  0.1104959    
  8.9419529E-02
  6.5128699E-02
  3.6286820E-02
  2.6543750E-03
 -3.1319071E-02
 -5.8883369E-02
 -7.4310593E-02
 -7.4887037E-02
 -6.7265883E-02
 -5.5512190E-02
 -4.0843129E-02
 -2.6798610E-02
 -1.5651360E-02
 -7.9995673E-03
 -3.3503559E-03
 -9.3276007E-04
 -5.9221370E-06
  1.0000000E-10
  1.0000000E-10
 -4.8268072E-07
  1.1045900E-04
  4.0917250E-04
  1.0097210E-03
  2.0728819E-03
  3.8370991E-03
  6.6502979E-03
  1.1008660E-02
  1.7572811E-02
  2.7106220E-02
  4.0037919E-02
  5.6356959E-02
  7.5447842E-02
  9.5980637E-02
  0.1166691    
  0.1341215    
  0.1486275    
  0.1599746    
  0.1683735    
  0.1743744    
  0.1785940    
  0.1816779    
  0.1838643    
  0.1849849    
  0.1847804    
  0.1828206    
  0.1786219    
  0.1715616    
  0.1618800    
  0.1495547    
  0.1347347    
  0.1176786    
  9.8638713E-02
  7.8458421E-02
  5.4825049E-02
  2.7256930E-02
 -4.3708240E-03
 -3.5198200E-02
 -5.8659662E-02
 -7.0107222E-02
 -6.8721883E-02
 -6.0068108E-02
 -4.7805969E-02
 -3.4109369E-02
 -2.1905340E-02
 -1.2650590E-02
 -6.4366250E-03
 -2.6933940E-03
 -7.5072388E-04
 -5.2555160E-06
  1.0000000E-10
  1.0000000E-10
  4.9820272E-07
  1.6492981E-04
  5.9898640E-04
  1.4539760E-03
  2.9358419E-03
  5.3411550E-03
  9.0825465E-03
  1.4698340E-02
  2.2765139E-02
  3.3698000E-02
  4.7678329E-02
  6.4402603E-02
  8.2864434E-02
  0.1015760    
  0.1188498    
  0.1326183    
  0.1431834    
  0.1505752    
  0.1552187    
  0.1578190    
  0.1591303    
  0.1597917    
  0.1602740    
  0.1603680    
  0.1597911    
  0.1580913    
  0.1542571    
  0.1482773    
  0.1398690    
  0.1289747    
  0.1157240    
  0.1003631    
  8.3410457E-02
  6.4707413E-02
  4.3454289E-02
  1.7752720E-02
 -1.1809140E-02
 -3.9766081E-02
 -5.9705582E-02
 -6.7885943E-02
 -6.4719163E-02
 -5.5073049E-02
 -4.2524010E-02
 -2.9675730E-02
 -1.8830201E-02
 -1.0839020E-02
 -5.5262870E-03
 -2.3241160E-03
 -6.5281452E-04
 -6.5247359E-06
  1.0000000E-10
  1.0000000E-10
  2.0932889E-06
  2.2921490E-04
  8.1869488E-04
  1.9590440E-03
  3.8969121E-03
  6.9703232E-03
  1.1608660E-02
  1.8265100E-02
  2.7350411E-02
  3.9114181E-02
  5.3439181E-02
  6.9636941E-02
  8.6411402E-02
  0.1021556    
  0.1155234    
  0.1252361    
  0.1316885    
  0.1351636    
  0.1362630    
  0.1357917    
  0.1345671    
  0.1332548    
  0.1322706    
  0.1315221    
  0.1306585    
  0.1292257    
  0.1259782    
  0.1210461    
  0.1140074    
  0.1047802    
  9.3488812E-02
  8.0433182E-02
  6.5841287E-02
  4.9773909E-02
  3.1024020E-02
  6.9916188E-03
 -2.0816680E-02
 -4.6286501E-02
 -6.3165002E-02
 -6.8482377E-02
 -6.3504018E-02
 -5.2738931E-02
 -3.9815821E-02
 -2.7431430E-02
 -1.7349871E-02
 -1.0023620E-02
 -5.1492299E-03
 -2.1864921E-03
 -6.2187162E-04
 -9.1103493E-06
  1.0000000E-10
  1.0000000E-10
  4.2883489E-06
  2.9646259E-04
  1.0433820E-03
  2.4640339E-03
  4.8300088E-03
  8.4844911E-03
  1.3806590E-02
  2.1171819E-02
  3.0848850E-02
  4.2830210E-02
  5.6650721E-02
  7.1312927E-02
  8.5418530E-02
  9.7443298E-02
  0.1065702    
  0.1121198    
  0.1145930    
  0.1144928    
  0.1125307    
  0.1095422    
  0.1063388    
  0.1035605    
  0.1014591    
  0.1000969    
  9.9043667E-02
  9.7879827E-02
  9.5272459E-02
  9.1403052E-02
  8.5842140E-02
  7.8480832E-02
  6.9449492E-02
  5.8860309E-02
  4.7177210E-02
  3.4105562E-02
  1.7208410E-02
 -5.9138238E-03
 -3.2571211E-02
 -5.5940669E-02
 -6.9981113E-02
 -7.2473347E-02
 -6.5394163E-02
 -5.3175800E-02
 -3.9537009E-02
 -2.7085001E-02
 -1.7167130E-02
 -9.9864919E-03
 -5.1774168E-03
 -2.2210439E-03
 -6.3954468E-04
 -1.2241790E-05
  1.0000000E-10
  1.0000000E-10
  6.9552011E-06
  3.5941589E-04
  1.2476640E-03
  2.9089150E-03
  5.6160511E-03
  9.6856179E-03
  1.5446000E-02
  2.3158669E-02
  3.2886479E-02
  4.4338651E-02
  5.6765001E-02
  6.9000430E-02
  7.9706021E-02
  8.7720931E-02
  9.2468612E-02
  9.4063647E-02
  9.3000479E-02
  8.9931801E-02
  8.5599177E-02
  8.0793872E-02
  7.6256879E-02
  7.2529860E-02
  6.9618158E-02
  6.7774557E-02
  6.6549256E-02
  6.5334648E-02
  6.3461743E-02
  6.0653109E-02
  5.6616291E-02
  5.1179469E-02
  4.4533931E-02
  3.6877099E-02
  2.8280679E-02
  1.7479850E-02
  1.1692611E-03
 -2.2239370E-02
 -4.8396591E-02
 -6.9792867E-02
 -8.0795579E-02
 -8.0063380E-02
 -7.0311941E-02
 -5.6113679E-02
 -4.1261051E-02
 -2.8182739E-02
 -1.7909249E-02
 -1.0475430E-02
 -5.4668551E-03
 -2.3615230E-03
 -6.8549177E-04
 -1.5104200E-05
  1.0000000E-10
  1.0000000E-10
  9.8207129E-06
  4.1149321E-04
  1.4096790E-03
  3.2439041E-03
  6.1694812E-03
  1.0462940E-02
  1.6364260E-02
  2.3976831E-02
  3.3139419E-02
  4.3311670E-02
  5.3556710E-02
  6.2694132E-02
  6.9603793E-02
  7.3544823E-02
  7.4345097E-02
  7.2423458E-02
  6.8464212E-02
  6.3143723E-02
  5.7176549E-02
  5.1228970E-02
  4.5911260E-02
  4.1545019E-02
  3.7974581E-02
  3.5643540E-02
  3.4124319E-02
  3.2734819E-02
  3.1484660E-02
  2.9723801E-02
  2.7254660E-02
  2.4002070E-02
  2.0002481E-02
  1.5225000E-02
  9.0446081E-03
 -1.0368300E-03
 -1.8714940E-02
 -4.3729670E-02
 -6.9648311E-02
 -8.8573232E-02
 -9.5721930E-02
 -9.0901352E-02
 -7.7668764E-02
 -6.0860049E-02
 -4.4276539E-02
 -3.0109810E-02
 -1.9121470E-02
 -1.1197350E-02
 -5.8542169E-03
 -2.5339350E-03
 -7.3726999E-04
 -1.6859060E-05
  1.0000000E-10
  1.0000000E-10
  1.2718320E-05
  4.4693859E-04
  1.5106359E-03
  3.4310441E-03
  6.4305030E-03
  1.0718470E-02
  1.6416419E-02
  2.3452800E-02
  3.1454671E-02
  3.9693229E-02
  4.7159720E-02
  5.2799631E-02
  5.5821940E-02
  5.5923700E-02
  5.3318951E-02
  4.8593361E-02
  4.2455651E-02
  3.5585139E-02
  2.8579090E-02
  2.1910470E-02
  1.6025010E-02
  1.0869450E-02
  6.7270240E-03
  3.8446540E-03
  1.9662641E-03
  6.1348150E-04
  1.2397540E-05
 -5.2774651E-04
 -1.2159731E-03
 -2.2044741E-03
 -3.6822150E-03
 -6.1929352E-03
 -1.1527410E-02
 -2.3462240E-02
 -4.4890430E-02
 -7.2473124E-02
 -9.7394943E-02
 -0.1121307    
 -0.1138328    
 -0.1037532    
 -8.6188383E-02
 -6.6226497E-02
 -4.7561470E-02
 -3.2077651E-02
 -2.0258410E-02
 -1.1814540E-02
 -6.1564478E-03
 -2.6571141E-03
 -7.7070552E-04
 -1.6730610E-05
  1.0000000E-10
  1.0000000E-10
  1.5471291E-05
  4.6290041E-04
  1.5418070E-03
  3.4528919E-03
  6.3665849E-03
  1.0402260E-02
  1.5545090E-02
  2.1547940E-02
  2.7859990E-02
  3.3644609E-02
  3.7939232E-02
  3.9930079E-02
  3.9211340E-02
  3.5878051E-02
  3.0418990E-02
  2.3508660E-02
  1.5790461E-02
  7.8269569E-03
  5.2947020E-05
 -7.2414060E-03
 -1.3783640E-02
 -2.0063641E-02
 -2.4458010E-02
 -2.7847741E-02
 -2.9886050E-02
 -3.0774770E-02
 -3.0402269E-02
 -2.9450281E-02
 -2.8218590E-02
 -2.7092250E-02
 -2.6689921E-02
 -2.8541369E-02
 -3.6172539E-02
 -5.3801332E-02
 -8.0817223E-02
 -0.1095222    
 -0.1302311    
 -0.1383646    
 -0.1329713    
 -0.1164763    
 -9.3980543E-02
 -7.0643976E-02
 -4.9894851E-02
 -3.3212580E-02
 -2.0748220E-02
 -1.1987350E-02
 -6.1948202E-03
 -2.6527620E-03
 -7.6253212E-04
 -1.4142460E-05
  1.0000000E-10
  1.0000000E-10
  1.7909741E-05
  4.5714609E-04
  1.4964740E-03
  3.2934460E-03
  5.9476821E-03
  9.4707943E-03
  1.3702890E-02
  1.8235059E-02
  2.2389179E-02
  2.5310410E-02
  2.6187820E-02
  2.4522711E-02
  2.0290960E-02
  1.3894970E-02
  5.9713540E-03
 -2.8053389E-03
 -1.1894620E-02
 -2.0817731E-02
 -2.9243121E-02
 -3.6994100E-02
 -4.4021409E-02
 -5.0724581E-02
 -5.5410650E-02
 -5.8917738E-02
 -6.0749382E-02
 -6.0806111E-02
 -5.9271440E-02
 -5.6752268E-02
 -5.3799462E-02
 -5.1348511E-02
 -5.1112011E-02
 -5.6224339E-02
 -7.1110956E-02
 -9.6550472E-02
 -0.1260165    
 -0.1507681    
 -0.1641369    
 -0.1637536    
 -0.1503112    
 -0.1265573    
 -9.9064693E-02
 -7.2606742E-02
 -5.0210759E-02
 -3.2823991E-02
 -2.0184010E-02
 -1.1499250E-02
 -5.8662938E-03
 -2.4800971E-03
 -7.0265279E-04
 -9.5071546E-06
  1.0000000E-10
  1.0000000E-10
  1.9842300E-05
  4.2347371E-04
  1.3543830E-03
  2.9097761E-03
  5.1011862E-03
  7.8186570E-03
  1.0757250E-02
  1.3373290E-02
  1.4923530E-02
  1.4623060E-02
  1.1892860E-02
  6.5744030E-03
 -1.0338230E-03
 -1.0342710E-02
 -2.0668110E-02
 -3.1348571E-02
 -4.1896239E-02
 -5.1791258E-02
 -6.0785420E-02
 -6.8626061E-02
 -7.5576231E-02
 -8.1688248E-02
 -8.6072236E-02
 -8.9079618E-02
 -9.0243243E-02
 -8.9329623E-02
 -8.6856440E-02
 -8.3391041E-02
 -8.0137953E-02
 -7.9056188E-02
 -8.3299622E-02
 -9.6434340E-02
 -0.1193794    
 -0.1477690    
 -0.1739582    
 -0.1910210    
 -0.1948192    
 -0.1847194    
 -0.1628380    
 -0.1316329    
 -9.9758483E-02
 -7.0990980E-02
 -4.7832590E-02
 -3.0554110E-02
 -1.8401049E-02
 -1.0280740E-02
 -5.1454031E-03
 -2.1369790E-03
 -5.9409341E-04
 -4.0789409E-06
  1.0000000E-10
  1.0000000E-10
  2.0807020E-05
  3.5148009E-04
  1.0818200E-03
  2.2289141E-03
  3.6996240E-03
  5.2539590E-03
  6.4528538E-03
  6.6583781E-03
  5.1316228E-03
  1.2352091E-03
 -5.3320280E-03
 -1.4413010E-02
 -2.5485231E-02
 -3.7885241E-02
 -5.0901510E-02
 -6.3799530E-02
 -7.6051660E-02
 -8.6810797E-02
 -9.6044391E-02
 -0.1037762    
 -0.1105448    
 -0.1152633    
 -0.1187116    
 -0.1205403    
 -0.1206060    
 -0.1188646    
 -0.1163040    
 -0.1136829    
 -0.1130306    
 -0.1171165    
 -0.1287948    
 -0.1489537    
 -0.1746728    
 -0.2000151    
 -0.2185669    
 -0.2254745    
 -0.2184645    
 -0.1982484    
 -0.1679789    
 -0.1299739    
 -9.5068827E-02
 -6.5362804E-02
 -4.2668741E-02
 -2.6451221E-02
 -1.5462650E-02
 -8.3869575E-03
 -4.0919571E-03
 -1.6612340E-03
 -4.4992159E-04
  1.2649519E-06
  1.0000000E-10
  1.0000000E-10
  1.9731940E-05
  2.2167290E-04
  6.1810779E-04
  1.1248930E-03
  1.5321440E-03
  1.4712811E-03
  3.9407861E-04
 -2.3791599E-03
 -7.5137112E-03
 -1.5442160E-02
 -2.6180990E-02
 -3.9324261E-02
 -5.4235209E-02
 -7.0226543E-02
 -8.6429156E-02
 -0.1018687    
 -0.1156758    
 -0.1277950    
 -0.1378748    
 -0.1458688    
 -0.1520309    
 -0.1556980    
 -0.1577452    
 -0.1582029    
 -0.1573380    
 -0.1555936    
 -0.1540446    
 -0.1542991    
 -0.1582050    
 -0.1679808    
 -0.1845076    
 -0.2061362    
 -0.2286086    
 -0.2464797    
 -0.2548186    
 -0.2503865    
 -0.2323118    
 -0.2023544    
 -0.1641406    
 -0.1209354    
 -8.4894083E-02
 -5.5929489E-02
 -3.4966171E-02
 -2.0725420E-02
 -1.1615870E-02
 -6.0902601E-03
 -2.8819591E-03
 -1.1351620E-03
 -2.9612749E-04
  5.0673270E-06
  1.0000000E-10
  1.0000000E-10
  1.4997630E-05
  1.0208190E-05
 -1.0856110E-04
 -5.4866722E-04
 -1.6438970E-03
 -3.8783490E-03
 -7.8687035E-03
 -1.4272630E-02
 -2.3617599E-02
 -3.6097500E-02
 -5.1469281E-02
 -6.9169521E-02
 -8.8538811E-02
 -0.1088585    
 -0.1281311    
 -0.1464604    
 -0.1631709    
 -0.1776112    
 -0.1892943    
 -0.1983335    
 -0.2035786    
 -0.2065263    
 -0.2074601    
 -0.2069415    
 -0.2056357    
 -0.2043906    
 -0.2044004    
 -0.2072736    
 -0.2140748    
 -0.2258134    
 -0.2418178    
 -0.2594436    
 -0.2745048    
 -0.2824364    
 -0.2794916    
 -0.2636310    
 -0.2350895    
 -0.1964403    
 -0.1510734    
 -0.1051565    
 -7.0010424E-02
 -4.3423802E-02
 -2.5371021E-02
 -1.4194960E-02
 -7.5883269E-03
 -3.8028469E-03
 -1.7180210E-03
 -6.4291258E-04
 -1.5637350E-04
  7.0530241E-06
  1.0000000E-10
  1.0000000E-10
  3.5835910E-06
 -3.2988621E-04
 -1.2356990E-03
 -3.0545481E-03
 -6.2240800E-03
 -1.1300580E-02
 -1.8908709E-02
 -2.9625939E-02
 -4.3808341E-02
 -6.1408158E-02
 -8.1982426E-02
 -0.1049623    
 -0.1297571    
 -0.1534201    
 -0.1769631    
 -0.1991647    
 -0.2191576    
 -0.2362583    
 -0.2498590    
 -0.2589591    
 -0.2646181    
 -0.2673581    
 -0.2678108    
 -0.2667647    
 -0.2651184    
 -0.2638680    
 -0.2640040    
 -0.2669257    
 -0.2728734    
 -0.2819847    
 -0.2929260    
 -0.3029586    
 -0.3083858    
 -0.3054558    
 -0.2913222    
 -0.2648306    
 -0.2270789    
 -0.1812345    
 -0.1296648    
 -8.4067337E-02
 -5.1590320E-02
 -2.9199161E-02
 -1.5882010E-02
 -8.2949139E-03
 -4.1071810E-03
 -1.8785580E-03
 -7.5726968E-04
 -2.4320481E-04
 -4.4828361E-05
  7.9921456E-06
  1.0000000E-10
  1.0000000E-10
 -1.7493880E-05
 -8.0762518E-04
 -2.7771969E-03
 -6.4098900E-03
 -1.2231580E-02
 -2.0852059E-02
 -3.2879099E-02
 -4.8764419E-02
 -6.8620183E-02
 -9.2098840E-02
 -0.1187663    
 -0.1481872    
 -0.1764674    
 -0.2053090    
 -0.2333700    
 -0.2592142    
 -0.2818370    
 -0.3003082    
 -0.3142843    
 -0.3242261    
 -0.3303555    
 -0.3331728    
 -0.3333707    
 -0.3317668    
 -0.3292578    
 -0.3267582    
 -0.3249613    
 -0.3251504    
 -0.3269686    
 -0.3301274    
 -0.3331996    
 -0.3337538    
 -0.3287175    
 -0.3150778    
 -0.2906922    
 -0.2550282    
 -0.2096837    
 -0.1578764    
 -0.1015004    
 -6.0448781E-02
 -3.3280771E-02
 -1.7605430E-02
 -8.9065768E-03
 -4.2343121E-03
 -1.8259520E-03
 -6.6767872E-04
 -1.7395690E-04
 -8.1574926E-06
  1.8616820E-05
  7.8287294E-06
  1.0000000E-10
  1.0000000E-10
 -3.8976639E-05
 -1.4467270E-03
 -4.8914552E-03
 -1.1070240E-02
 -2.0633729E-02
 -3.4209099E-02
 -5.2225459E-02
 -7.4719459E-02
 -0.1012120    
 -0.1310251    
 -0.1645436    
 -0.1966501    
 -0.2296938    
 -0.2618526    
 -0.2919103    
 -0.3192238    
 -0.3429242    
 -0.3624396    
 -0.3774695    
 -0.3880290    
 -0.3944255    
 -0.3971938    
 -0.3969961    
 -0.3945490    
 -0.3905846    
 -0.3858033    
 -0.3806619    
 -0.3760717    
 -0.3717624    
 -0.3670926    
 -0.3608755    
 -0.3512011    
 -0.3357249    
 -0.3121592    
 -0.2789358    
 -0.2359381    
 -0.1848578    
 -0.1271465    
 -7.2580963E-02
 -4.0279400E-02
 -2.1848740E-02
 -1.1556430E-02
 -5.8960160E-03
 -2.8348609E-03
 -1.2394900E-03
 -4.6258909E-04
 -1.2587720E-04
 -9.5399791E-06
  1.1403220E-05
  5.3087929E-06
  1.0000000E-10
  1.0000000E-10
 -9.2238428E-05
 -2.2891739E-03
 -7.4766320E-03
 -1.6471790E-02
 -2.9915540E-02
 -4.8275031E-02
 -7.1707487E-02
 -9.9791512E-02
 -0.1316168    
 -0.1673757    
 -0.2034297    
 -0.2399836    
 -0.2767656    
 -0.3122590    
 -0.3452825    
 -0.3746969    
 -0.3996595    
 -0.4197460    
 -0.4348986    
 -0.4453447    
 -0.4515063    
 -0.4539095    
 -0.4531069    
 -0.4496249    
 -0.4439421    
 -0.4364746    
 -0.4274805    
 -0.4168532    
 -0.4054921    
 -0.3921955    
 -0.3761852    
 -0.3562140    
 -0.3307775    
 -0.2983725    
 -0.2579713    
 -0.2096564    
 -0.1547227    
 -9.2636243E-02
 -4.9659319E-02
 -2.8687010E-02
 -1.6748641E-02
 -9.8143257E-03
 -5.7238080E-03
 -3.2776990E-03
 -1.8122050E-03
 -9.4515493E-04
 -4.4705221E-04
 -1.7668500E-04
 -4.6565019E-05
  5.2973252E-07
  1.0000000E-10
  1.0000000E-10
 -1.3244600E-04
 -3.0912689E-03
 -9.9857012E-03
 -2.1728860E-02
 -3.8932670E-02
 -6.1912529E-02
 -9.0370722E-02
 -0.1233760    
 -0.1605262    
 -0.2018826    
 -0.2421545    
 -0.2836651    
 -0.3239696    
 -0.3617817    
 -0.3959065    
 -0.4254152    
 -0.4497793    
 -0.4689075    
 -0.4830402    
 -0.4925981    
 -0.4980529    
 -0.4998417    
 -0.4983245    
 -0.4937671    
 -0.4863409    
 -0.4761301    
 -0.4630979    
 -0.4469245    
 -0.4282518    
 -0.4062854    
 -0.3805607    
 -0.3506089    
 -0.3158660    
 -0.2757069    
 -0.2297053    
 -0.1779134    
 -0.1192237    
 -6.0614079E-02
 -3.4998041E-02
 -2.1215130E-02
 -1.3185600E-02
 -8.3657131E-03
 -5.3627370E-03
 -3.4170670E-03
 -2.1194441E-03
 -1.2449611E-03
 -6.6398288E-04
 -2.9665840E-04
 -9.0534028E-05
 -3.9242218E-06
  1.0000000E-10
  1.0000000E-10
 -2.1985000E-04
 -4.4857129E-03
 -1.4243280E-02
 -3.0480970E-02
 -5.3492051E-02
 -8.2945369E-02
 -0.1177514    
 -0.1565677    
 -0.1998834    
 -0.2430378    
 -0.2867275    
 -0.3299832    
 -0.3709298    
 -0.4084678    
 -0.4412752    
 -0.4686064    
 -0.4904476    
 -0.5071650    
 -0.5193335    
 -0.5275105    
 -0.5321102    
 -0.5333685    
 -0.5313601    
 -0.5260326    
 -0.5172333    
 -0.5047264    
 -0.4881878    
 -0.4671662    
 -0.4412737    
 -0.4110182    
 -0.3760373    
 -0.3366378    
 -0.2932633    
 -0.2462505    
 -0.1957768    
 -0.1413791    
 -7.6749623E-02
 -3.6603030E-02
 -2.0224189E-02
 -1.1073500E-02
 -6.0878401E-03
 -3.4957500E-03
 -2.1447821E-03
 -1.3952440E-03
 -9.2746521E-04
 -5.9820479E-04
 -3.5245859E-04
 -1.7369790E-04
 -5.8989950E-05
 -4.8425459E-06
  1.0000000E-10
  1.0000000E-10
 -3.6400420E-04
 -6.2861419E-03
 -1.9453689E-02
 -4.0525731E-02
 -6.9003753E-02
 -0.1037395    
 -0.1431782    
 -0.1866885    
 -0.2344851    
 -0.2812193    
 -0.3287375    
 -0.3738489    
 -0.4146264    
 -0.4495473    
 -0.4785822    
 -0.5013876    
 -0.5188411    
 -0.5319222    
 -0.5415295    
 -0.5482463    
 -0.5522810    
 -0.5535214    
 -0.5516402    
 -0.5461897    
 -0.5366594    
 -0.5224978    
 -0.5031089    
 -0.4778537    
 -0.4462091    
 -0.4083804    
 -0.3648241    
 -0.3166612    
 -0.2653217    
 -0.2121944    
 -0.1579324    
 -9.8666869E-02
 -3.6454901E-02
 -1.1530970E-02
 -6.1893149E-04
  4.3110549E-03
  5.7055652E-03
  5.2717412E-03
  4.1276640E-03
  2.8872329E-03
  1.8315871E-03
  1.0482160E-03
  5.2598462E-04
  2.1462170E-04
  5.6887249E-05
 -1.0957220E-06
  1.0000000E-10
  1.0000000E-10
 -5.3414761E-04
 -8.2005560E-03
 -2.4772160E-02
 -5.0439641E-02
 -8.4114201E-02
 -0.1241225    
 -0.1687010    
 -0.2183246    
 -0.2699032    
 -0.3212007    
 -0.3709960    
 -0.4156218    
 -0.4532289    
 -0.4829911    
 -0.5051038    
 -0.5209008    
 -0.5322058    
 -0.5406853    
 -0.5474699    
 -0.5530152    
 -0.5571633    
 -0.5593118    
 -0.5586122    
 -0.5541260    
 -0.5449203    
 -0.5301048    
 -0.5088337    
 -0.4803209    
 -0.4439810    
 -0.3999188    
 -0.3490505    
 -0.2928506    
 -0.2342146    
 -0.1753666    
 -0.1162280    
 -4.4990111E-02
  5.3752988E-04
  1.6739260E-02
  2.2241579E-02
  2.2322191E-02
  1.9518880E-02
  1.5586270E-02
  1.1587500E-02
  8.0672931E-03
  5.2405992E-03
  3.1312909E-03
  1.6653980E-03
  7.3138758E-04
  2.1576490E-04
  5.8286282E-06
  1.0000000E-10
  1.0000000E-10
 -7.3560810E-04
 -1.0333600E-02
 -3.0630680E-02
 -6.1297480E-02
 -0.1004970    
 -0.1459617    
 -0.1958748    
 -0.2523309    
 -0.3079404    
 -0.3636854    
 -0.4141273    
 -0.4554463    
 -0.4861444    
 -0.5066534    
 -0.5186198    
 -0.5248771    
 -0.5285037    
 -0.5316793    
 -0.5355832    
 -0.5403756    
 -0.5454167    
 -0.5495371    
 -0.5513014    
 -0.5492046    
 -0.5418022    
 -0.5277774    
 -0.5059729    
 -0.4754291    
 -0.4355213    
 -0.3863204    
 -0.3292106    
 -0.2668775    
 -0.2016654    
 -0.1367642    
 -6.4650469E-02
  2.3291290E-03
  3.5167661E-02
  4.4435970E-02
  4.3981690E-02
  3.8846321E-02
  3.1814311E-02
  2.4575390E-02
  1.8018100E-02
  1.2524890E-02
  8.1893988E-03
  4.9507380E-03
  2.6729491E-03
  1.1946470E-03
  3.6051249E-04
  1.2988920E-05
  1.0000000E-10
  1.0000000E-10
 -1.0017680E-03
 -1.2890400E-02
 -3.7473600E-02
 -7.3648080E-02
 -0.1186289    
 -0.1696042    
 -0.2256880    
 -0.2874392    
 -0.3490924    
 -0.4091227    
 -0.4585522    
 -0.4930914    
 -0.5126048    
 -0.5196486    
 -0.5178598    
 -0.5125265    
 -0.5074264    
 -0.5049251    
 -0.5059665    
 -0.5102624    
 -0.5166634    
 -0.5234753    
 -0.5287271    
 -0.5303629    
 -0.5263812    
 -0.5149360    
 -0.4944179    
 -0.4635510    
 -0.4215673    
 -0.3685227    
 -0.3057398    
 -0.2363282    
 -0.1646103    
 -9.0314969E-02
 -1.4079190E-02
  4.2472299E-02
  6.5007642E-02
  6.7181773E-02
  6.0653642E-02
  5.0690100E-02
  4.0109009E-02
  3.0348230E-02
  2.2004779E-02
  1.5230300E-02
  9.9626044E-03
  6.0444218E-03
  3.2819950E-03
  1.4771970E-03
  4.4978570E-04
  1.7771739E-05
  1.0000000E-10
  1.0000000E-10
 -1.3590340E-03
 -1.6014770E-02
 -4.5543361E-02
 -8.7678768E-02
 -0.1384832    
 -0.1946594    
 -0.2568444    
 -0.3235888    
 -0.3929734    
 -0.4581384    
 -0.5048196    
 -0.5281601    
 -0.5316029    
 -0.5207598    
 -0.5029208    
 -0.4849338    
 -0.4709021    
 -0.4628314    
 -0.4611021    
 -0.4648625    
 -0.4725167    
 -0.4820015    
 -0.4909919    
 -0.4970305    
 -0.4976368    
 -0.4904175    
 -0.4731970    
 -0.4441947    
 -0.4022835    
 -0.3473637    
 -0.2807552    
 -0.2060403    
 -0.1281903    
 -4.5258131E-02
  2.7487211E-02
  7.3453940E-02
  8.6670883E-02
  8.1940688E-02
  7.0129126E-02
  5.6493260E-02
  4.3571901E-02
  3.2396451E-02
  2.3220880E-02
  1.5959390E-02
  1.0401080E-02
  6.3027050E-03
  3.4240589E-03
  1.5438000E-03
  4.7122940E-04
  1.9063600E-05
  1.0000000E-10
  1.0000000E-10
 -1.8723890E-03
 -1.9994659E-02
 -5.5337161E-02
 -0.1038182    
 -0.1600846    
 -0.2205524    
 -0.2879788    
 -0.3593824    
 -0.4384743    
 -0.5114514    
 -0.5537867    
 -0.5602666    
 -0.5426008    
 -0.5098720    
 -0.4750082    
 -0.4446406    
 -0.4225385    
 -0.4096250    
 -0.4054025    
 -0.4084015    
 -0.4167025    
 -0.4280859    
 -0.4401236    
 -0.4502066    
 -0.4555857    
 -0.4534522    
 -0.4410853    
 -0.4160944    
 -0.3767794    
 -0.3226299    
 -0.2547370    
 -0.1770335    
 -9.3742236E-02
 -8.1669884E-03
  5.8274861E-02
  9.3553223E-02
  9.8312519E-02
  8.7811626E-02
  7.2282113E-02
  5.6579359E-02
  4.2712811E-02
  3.1246090E-02
  2.2117810E-02
  1.5054270E-02
  9.7382627E-03
  5.8684591E-03
  3.1757320E-03
  1.4279940E-03
  4.3481070E-04
  1.7210161E-05
  1.0000000E-10
  1.0000000E-10
 -2.7216990E-03
 -2.5569201E-02
 -6.8093739E-02
 -0.1231766    
 -0.1838142    
 -0.2472325    
 -0.3168081    
 -0.3925139    
 -0.4834884    
 -0.5696332    
 -0.6063919    
 -0.5879098    
 -0.5435030    
 -0.4867294    
 -0.4355364    
 -0.3946524    
 -0.3664458    
 -0.3500443    
 -0.3438874    
 -0.3459291    
 -0.3540806    
 -0.3661666    
 -0.3798912    
 -0.3927558    
 -0.4020185    
 -0.4047101    
 -0.3977509    
 -0.3782108    
 -0.3437404    
 -0.2932123    
 -0.2271929    
 -0.1497118    
 -6.3450873E-02
  1.8605741E-02
  7.7268548E-02
  0.1021671    
  0.1001234    
  8.5694671E-02
  6.8371482E-02
  5.2256621E-02
  3.8715191E-02
  2.7882241E-02
  1.9465020E-02
  1.3079940E-02
  8.3607268E-03
  4.9838112E-03
  2.6713340E-03
  1.1911941E-03
  3.5951709E-04
  1.3091610E-05
  1.0000000E-10
  1.0000000E-10
 -4.3652202E-03
 -3.4298390E-02
 -8.6112618E-02
 -0.1475435    
 -0.2101572    
 -0.2736720    
 -0.3419577    
 -0.4201005    
 -0.5248462    
 -0.6329568    
 -0.6640959    
 -0.6088900    
 -0.5312999    
 -0.4501457    
 -0.3855977    
 -0.3377259    
 -0.3062922    
 -0.2882150    
 -0.2809390    
 -0.2820049    
 -0.2893204    
 -0.3009079    
 -0.3147665    
 -0.3287079    
 -0.3402457    
 -0.3465399    
 -0.3444469    
 -0.3307399    
 -0.3025460    
 -0.2580895    
 -0.1972236    
 -0.1236954    
 -3.9452221E-02
  3.4845080E-02
  8.4422007E-02
  0.1005795    
  9.3663737E-02
  7.7465042E-02
  6.0222398E-02
  4.5103248E-02
  3.2857940E-02
  2.3302389E-02
  1.6016010E-02
  1.0583490E-02
  6.6436459E-03
  3.8857891E-03
  2.0433741E-03
  8.9413353E-04
  2.6413921E-04
  7.5758021E-06
  1.0000000E-10
  1.0000000E-10
 -8.0122435E-03
 -4.9389359E-02
 -0.1132724    
 -0.1792372    
 -0.2393838    
 -0.2985685    
 -0.3621368    
 -0.4394140    
 -0.5582067    
 -0.7003986    
 -0.7269639    
 -0.6136534    
 -0.5003342    
 -0.3980889    
 -0.3261501    
 -0.2762516    
 -0.2449564    
 -0.2271767    
 -0.2197184    
 -0.2199790    
 -0.2260265    
 -0.2361799    
 -0.2488181    
 -0.2621709    
 -0.2741723    
 -0.2823500    
 -0.2838037    
 -0.2753477    
 -0.2538838    
 -0.2171669    
 -0.1643495    
 -9.8400690E-02
 -2.2445221E-02
  4.1444089E-02
  8.1308037E-02
  9.0731457E-02
  8.1135757E-02
  6.5230742E-02
  4.9612779E-02
  3.6512140E-02
  2.6195480E-02
  1.8293841E-02
  1.2353160E-02
  7.9871444E-03
  4.8802472E-03
  2.7631109E-03
  1.3993050E-03
  5.8663049E-04
  1.6398091E-04
  1.2066280E-06
  1.0000000E-10
  1.0000000E-10
 -1.6971661E-02
 -7.7261738E-02
 -0.1553475    
 -0.2203273    
 -0.2709159    
 -0.3203553    
 -0.3761879    
 -0.4486771    
 -0.5786718    
 -0.7709072    
 -0.7993872    
 -0.5868995    
 -0.4426366    
 -0.3292860    
 -0.2586913    
 -0.2124469    
 -0.1845838    
 -0.1689215    
 -0.1621745    
 -0.1619149    
 -0.1665123    
 -0.1746422    
 -0.1850851    
 -0.1965208    
 -0.2073773    
 -0.2156981    
 -0.2190702    
 -0.2146839    
 -0.1995997    
 -0.1714413    
 -0.1288829    
 -7.3954932E-02
 -1.1431480E-02
  4.0093280E-02
  7.0247978E-02
  7.4844547E-02
  6.4782761E-02
  5.0850350E-02
  3.7957340E-02
  2.7509620E-02
  1.9460620E-02
  1.3381630E-02
  8.8571822E-03
  5.5685230E-03
  3.2693220E-03
  1.7499570E-03
  8.1979111E-04
  3.0798800E-04
  7.1604562E-05
 -5.5629789E-06
  1.0000000E-10
  1.0000000E-10
 -4.0953409E-02
 -0.1309219    
 -0.2194508    
 -0.2709848    
 -0.3028935    
 -0.3370701    
 -0.3831465    
 -0.4465241    
 -0.5779691    
 -0.8314399    
 -0.8480726    
 -0.5056944    
 -0.3516537    
 -0.2450539    
 -0.1856735    
 -0.1484505    
 -0.1267403    
 -0.1146343    
 -0.1093244    
 -0.1088520    
 -0.1119952    
 -0.1178127    
 -0.1254748    
 -0.1340944    
 -0.1425987    
 -0.1496098    
 -0.1533538    
 -0.1516628    
 -0.1421278    
 -0.1226433    
 -9.1761753E-02
 -5.0817922E-02
 -4.8151240E-03
  3.2783490E-02
  5.3578861E-02
  5.5128999E-02
  4.6451360E-02
  3.5720170E-02
  2.6232030E-02
  1.8754231E-02
  1.3093920E-02
  8.8640004E-03
  5.7367790E-03
  3.4806160E-03
  1.9265990E-03
  9.3239412E-04
  3.6326711E-04
  9.0735150E-05
 -9.5013218E-07
 -1.1748640E-05
  1.0000000E-10
  1.0000000E-10
 -0.1049109    
 -0.2332968    
 -0.3108369    
 -0.3278542    
 -0.3316923    
 -0.3474295    
 -0.3823877    
 -0.4316607    
 -0.5444443    
 -0.8511471    
 -0.7712811    
 -0.3518099    
 -0.2275459    
 -0.1498016    
 -0.1102572    
 -8.6209029E-02
 -7.2523817E-02
 -6.4934753E-02
 -6.1562549E-02
 -6.1141420E-02
 -6.2922537E-02
 -6.6352732E-02
 -7.0962846E-02
 -7.6258227E-02
 -8.1633396E-02
 -8.6290218E-02
 -8.9163616E-02
 -8.8897847E-02
 -8.3910957E-02
 -7.2738819E-02
 -5.4203149E-02
 -2.9238051E-02
 -1.3100650E-03
  2.1404609E-02
  3.3374369E-02
  3.3407688E-02
  2.7509080E-02
  2.0774160E-02
  1.5034190E-02
  1.0614830E-02
  7.3187812E-03
  4.8758429E-03
  3.0768351E-03
  1.7839120E-03
  9.0296828E-04
  3.5665929E-04
  6.9106150E-05
 -3.7409849E-05
 -4.0210700E-05
 -1.4722700E-05
  1.0000000E-10
  1.0000000E-10
 -0.3018534    
 -0.4417820    
 -0.4223691    
 -0.3803457    
 -0.3522204    
 -0.3507404    
 -0.3748949    
 -0.4062375    
 -0.4769361    
 -0.8045222    
 -0.3834901    
 -0.1309532    
 -7.9251669E-02
 -4.9687970E-02
 -3.5648480E-02
 -2.7293719E-02
 -2.2632061E-02
 -2.0057891E-02
 -1.8900860E-02
 -1.8721210E-02
 -1.9269889E-02
 -2.0369990E-02
 -2.1877280E-02
 -2.3641890E-02
 -2.5478531E-02
 -2.7136421E-02
 -2.8268870E-02
 -2.8417099E-02
 -2.7021069E-02
 -2.3536401E-02
 -1.7492671E-02
 -9.2115737E-03
  4.5964560E-05
  7.5475951E-03
  1.1317910E-02
  1.1037770E-02
  8.8774180E-03
  6.5767821E-03
  4.6847318E-03
  3.2621340E-03
  2.2171300E-03
  1.4485600E-03
  8.8366971E-04
  4.7779191E-04
  2.0300710E-04
  3.7667200E-05
 -3.9949889E-05
 -5.3934062E-05
 -3.1969990E-05
 -9.3036924E-06
  1.0000000E-10
  1.0000000E-10
 -0.3018534    
 -0.4417820    
 -0.4223690    
 -0.3803458    
 -0.3522205    
 -0.3507407    
 -0.3748952    
 -0.4062378    
 -0.4769364    
 -0.8045225    
  1.0000000E-10
  1.0000000E-10
  1.0000000E-10
  1.0000000E-10
  1.0000000E-10
  1.0000000E-10
  1.0000000E-10
  1.0000000E-10
  1.0000000E-10
  1.0000000E-10
  1.0000000E-10
  1.0000000E-10
  1.0000000E-10
  1.0000000E-10
  1.0000000E-10
  1.0000000E-10
  1.0000000E-10
  1.0000000E-10
  1.0000000E-10
  1.0000000E-10
  1.0000000E-10
  1.0000000E-10
  1.0000000E-10
  1.0000000E-10
  1.0000000E-10
  1.0000000E-10
  1.0000000E-10
  1.0000000E-10
  1.0000000E-10
  1.0000000E-10
  1.0000000E-10
  1.0000000E-10
  1.0000000E-10
  1.0000000E-10
  1.0000000E-10
  1.0000000E-10
  1.0000000E-10
  1.0000000E-10
  1.0000000E-10
  1.0000000E-10
  1.0000000E-10
