  0.0000000E+00
  6.3382392E-03
  1.3726170E-02
  2.2327781E-02
  3.2328960E-02
  4.3939650E-02
  5.7394560E-02
  7.2954178E-02
  9.0904526E-02
  0.1115556    
  0.1352378    
  0.1622969    
  0.1930853    
  0.2279506    
  0.2672209    
  0.3111849    
  0.3600709    
  0.4140214    
  0.4730676    
  0.5371050    
  0.6058733    
  0.6789439    
  0.7557168    
  0.8354316    
  0.9171914    
   1.000000    
   1.082808    
   1.164569    
   1.244283    
   1.321056    
   1.394127    
   1.462895    
   1.526932    
   1.585979    
   1.639929    
   1.688815    
   1.732779    
   1.772049    
   1.806915    
   1.837703    
   1.864762    
   1.888444    
   1.909095    
   1.927046    
   1.942605    
   1.956060    
   1.967671    
   1.977672    
   1.986274    
   1.993662    
   2.000000    
