  1.0000000E-10
  -1.105175    
  -1.105175    
  -1.105175    
  1.0000000E-10
  1.0000000E-10
  1.0000000E-10
  1.0000000E-10
  1.0000000E-10
  1.0000000E-10
  1.0000000E-10
  1.0000000E-10
  1.0000000E-10
  1.0000000E-10
  1.0000000E-10
  1.0000000E-10
  1.0000000E-10
  1.0000000E-10
  1.0000000E-10
  1.0000000E-10
  1.0000000E-10
  1.0000000E-10
  1.0000000E-10
  1.0000000E-10
  1.0000000E-10
  1.0000000E-10
  1.0000000E-10
 -0.8097501    
 -0.9112893    
 -0.6817714    
 -0.3011570    
 -0.1705451    
 -4.6936244E-02
 -6.2059299E-03
  1.3439454E-02
  2.2921855E-02
  2.8936828E-02
  3.2586128E-02
  3.2940108E-02
  2.8446263E-02
  1.2152324E-02
 -7.2786091E-03
 -1.0669290E-02
 -2.7127226E-03
  7.1731629E-04
 -3.9442960E-04
 -2.9303911E-04
 -1.6879307E-03
 -3.1947033E-03
 -2.6927849E-03
 -5.8062904E-04
  1.0000000E-10
  1.0000000E-10
 -0.6408114    
 -0.8368224    
 -0.7572163    
 -0.4759822    
 -0.3424695    
 -0.2082034    
 -0.1316715    
 -8.1547298E-02
 -4.0083498E-02
 -5.6544188E-03
  2.1935605E-02
  4.2739995E-02
  5.3925786E-02
  5.1149175E-02
  3.8022988E-02
  2.2555353E-02
  2.5983574E-03
 -4.3833870E-03
 -7.4930876E-03
 -1.0795472E-02
 -1.6971081E-02
 -2.0260897E-02
 -1.6389033E-02
 -6.3048285E-03
  1.0000000E-10
  1.0000000E-10
 -0.4227371    
 -0.6931319    
 -0.6858210    
 -0.5649019    
 -0.4455374    
 -0.3128420    
 -0.2137880    
 -0.1372194    
 -7.3670238E-02
 -1.8406276E-02
  2.7497083E-02
  6.2332418E-02
  8.2468607E-02
  8.6370751E-02
  8.0557913E-02
  7.2216593E-02
  5.8029342E-02
  3.6762722E-02
  3.4449035E-03
 -1.7458957E-02
 -3.1789102E-02
 -3.9662905E-02
 -3.5319842E-02
 -1.6362637E-02
  1.0000000E-10
  1.0000000E-10
 -0.2980076    
 -0.6224210    
 -0.6821973    
 -0.6181744    
 -0.5186145    
 -0.4012217    
 -0.2956146    
 -0.2026262    
 -0.1205400    
 -5.0564785E-02
  1.0666064E-02
  6.2415559E-02
  9.6845694E-02
  0.1117491    
  0.1138155    
  0.1087188    
  9.5543280E-02
  7.7364989E-02
  5.6008786E-02
  3.0571356E-02
 -4.1721053E-03
 -3.1393323E-02
 -3.7795920E-02
 -2.1827867E-02
  1.0000000E-10
  1.0000000E-10
 -0.2432210    
 -0.5848299    
 -0.6859518    
 -0.6499301    
 -0.5686563    
 -0.4645130    
 -0.3592893    
 -0.2559325    
 -0.1581943    
 -7.4373975E-02
 -3.5668393E-03
  5.9000041E-02
  0.1046855    
  0.1295714    
  0.1392969    
  0.1384140    
  0.1278854    
  0.1104984    
  8.8499747E-02
  6.4840913E-02
  4.0983260E-02
  1.1770851E-02
 -1.0180990E-02
 -1.1171551E-02
  1.0000000E-10
  1.0000000E-10
 -0.2373302    
 -0.5867060    
 -0.6943030    
 -0.6698858    
 -0.5991826    
 -0.5069414    
 -0.4049401    
 -0.2965454    
 -0.1875596    
 -9.3333445E-02
 -1.8247228E-02
  5.1439714E-02
  0.1063116    
  0.1396428    
  0.1561660    
  0.1598586    
  0.1527395    
  0.1377902    
  0.1180439    
  9.6593469E-02
  7.5650468E-02
  5.2086063E-02
  2.9935285E-02
  9.5607489E-03
  1.0000000E-10
  1.0000000E-10
 -0.2662146    
 -0.6105526    
 -0.7041014    
 -0.6786224    
 -0.6134267    
 -0.5300788    
 -0.4318303    
 -0.3214539    
 -0.2039350    
 -9.9087350E-02
 -2.5175672E-02
  4.5696650E-02
  0.1056483    
  0.1442935    
  0.1655180    
  0.1727335    
  0.1686310    
  0.1566461    
  0.1401063    
  0.1213213    
  0.1021493    
  8.1747606E-02
  5.7495628E-02
  2.4275038E-02
  1.0000000E-10
  1.0000000E-10
 -0.3182314    
 -0.6403516    
 -0.7063173    
 -0.6733372    
 -0.6109416    
 -0.5327730    
 -0.4398537    
 -0.3301297    
 -0.2063878    
 -8.6792864E-02
 -1.3667538E-02
  4.4230413E-02
  0.1040927    
  0.1444215    
  0.1666612    
  0.1744392    
  0.1710427    
  0.1606534    
  0.1464379    
  0.1302498    
  0.1127181    
  9.1818705E-02
  6.4045243E-02
  2.5930198E-02
  1.0000000E-10
  1.0000000E-10
 -0.3716402    
 -0.6522126    
 -0.6837158    
 -0.6422005    
 -0.5826724    
 -0.5105493    
 -0.4248930    
 -0.3221318    
 -0.2020333    
 -7.7954493E-02
  1.0203469E-02
  5.8266494E-02
  0.1064497    
  0.1411975    
  0.1590227    
  0.1640397    
  0.1600194    
  0.1504896    
  0.1377126    
  0.1220394    
  0.1041206    
  8.2654350E-02
  5.5945870E-02
  2.2203654E-02
  1.0000000E-10
  1.0000000E-10
 -0.3861597    
 -0.6082050    
 -0.6038438    
 -0.5562424    
 -0.5036936    
 -0.4434517    
 -0.3748445    
 -0.2979519    
 -0.2135698    
 -0.1239897    
 -3.3664759E-02
  4.3010771E-02
  8.5585676E-02
  0.1063012    
  0.1101028    
  0.1034653    
  9.0967491E-02
  7.5919636E-02
  6.0281165E-02
  4.4717629E-02
  2.8956210E-02
  1.6153716E-02
  5.6064925E-03
 -7.9067034E-04
  1.0000000E-10
  1.0000000E-10
 -0.3190925    
 -0.4680158    
 -0.4284253    
 -0.3810144    
 -0.3315617    
 -0.2766748    
 -0.2152161    
 -0.1472800    
 -7.4563622E-02
 -2.2834900E-03
  5.7131730E-02
  9.8074354E-02
  0.1215925    
  0.1267167    
  0.1192726    
  0.1055859    
  8.9655593E-02
  7.3723853E-02
  5.8869909E-02
  4.5508537E-02
  3.3704199E-02
  2.3337949E-02
  1.4252380E-02
  6.3817515E-03
  1.0000000E-10
  1.0000000E-10
 -0.1807808    
 -0.2359843    
 -0.1536835    
 -9.5945917E-02
 -4.9816784E-02
 -9.7597344E-03
  2.6921704E-02
  6.1732423E-02
  9.5431954E-02
  0.1284436    
  0.1624148    
  0.1911166    
  0.2067827    
  0.2046495    
  0.1894484    
  0.1671466    
  0.1421497    
  0.1173850    
  9.4299018E-02
  7.3461674E-02
  5.4974008E-02
  3.8652401E-02
  2.4116619E-02
  1.1037297E-02
  1.0000000E-10
  1.0000000E-10
  0.1705451    
  0.2839924    
  0.2610335    
  0.2532622    
  0.2529874    
  0.2567336    
  0.2630727    
  0.2710822    
  0.2797405    
  0.2875511    
  0.2921359    
  0.2895781    
  0.2744513    
  0.2457274    
  0.2113855    
  0.1771479    
  0.1457501    
  0.1178666    
  9.3749508E-02
  7.3000796E-02
  5.4995622E-02
  3.9094828E-02
  2.4724083E-02
  1.1499361E-02
  1.0000000E-10
  1.0000000E-10
  0.3174769    
  0.4998862    
  0.4982476    
  0.4885615    
  0.4807278    
  0.4731153    
  0.4648657    
  0.4552816    
  0.4435918    
  0.4287745    
  0.4092269    
  0.3819712    
  0.3415785    
  0.2881275    
  0.2304291    
  0.1721266    
  0.1145030    
  7.3250748E-02
  4.7725830E-02
  3.5505079E-02
  3.5725191E-02
  4.7904626E-02
  6.7853071E-02
  6.1629344E-02
  1.0000000E-10
  1.0000000E-10
  0.4359198    
  0.6821635    
  0.6929075    
  0.6771538    
  0.6593910    
  0.6384854    
  0.6137828    
  0.5846995    
  0.5504065    
  0.5094508    
  0.4590760    
  0.3935039    
  0.3002087    
  0.1757444    
  3.8037248E-02
 -8.8928111E-02
 -0.1532621    
 -0.1939077    
 -0.2227488    
 -0.2399662    
 -0.2417982    
 -0.2197449    
 -0.1663793    
 -7.3873661E-02
  1.0000000E-10
  1.0000000E-10
  0.5150666    
  0.8182033    
  0.8366091    
  0.8136631    
  0.7854065    
  0.7509587    
  0.7100224    
  0.6625691    
  0.6083236    
  0.5460694    
  0.4727118    
  0.3814529    
  0.2574596    
  0.1024293    
 -3.7719835E-02
 -0.1119018    
 -0.1654577    
 -0.2085950    
 -0.2404837    
 -0.2596259    
 -0.2613386    
 -0.2339053    
 -0.1635627    
 -5.4041736E-02
  1.0000000E-10
  1.0000000E-10
  0.5873051    
  0.9355766    
  0.9515883    
  0.9182622    
  0.8760079    
  0.8247459    
  0.7652979    
  0.6989964    
  0.6267774    
  0.5480487    
  0.4595231    
  0.3541456    
  0.2183447    
  5.7677701E-02
 -6.9245026E-02
 -0.1415669    
 -0.1968641    
 -0.2375530    
 -0.2659831    
 -0.2831631    
 -0.2878063    
 -0.2721564    
 -0.2153932    
 -9.4076753E-02
  1.0000000E-10
  1.0000000E-10
  0.6860480    
   1.063081    
   1.060443    
   1.010077    
  0.9463168    
  0.8713719    
  0.7886435    
  0.7018097    
  0.6133456    
  0.5229938    
  0.4266102    
  0.3179190    
  0.1847860    
  1.4102869E-02
 -7.7116087E-02
 -0.1463731    
 -0.1975814    
 -0.2330568    
 -0.2561212    
 -0.2693339    
 -0.2731906    
 -0.2644699    
 -0.2230362    
 -0.1117131    
  1.0000000E-10
  1.0000000E-10
  0.8488922    
   1.216449    
   1.182008    
   1.101612    
   1.003165    
  0.8941202    
  0.7822905    
  0.6740315    
  0.5726119    
  0.4767888    
  0.3792843    
  0.2647820    
  0.1261656    
  6.0627586E-03
 -8.0461435E-02
 -0.1430628    
 -0.1866421    
 -0.2141575    
 -0.2292115    
 -0.2346762    
 -0.2328159    
 -0.2241050    
 -0.1933392    
 -0.1036412    
  1.0000000E-10
  1.0000000E-10
   1.103326    
   1.418784    
   1.335062    
   1.198664    
   1.043848    
  0.8875469    
  0.7423794    
  0.6151711    
  0.5072155    
  0.4136347    
  0.3161338    
  0.2003178    
  8.0293104E-02
 -1.8098421E-02
 -8.8594005E-02
 -0.1381600    
 -0.1698362    
 -0.1862448    
 -0.1912731    
 -0.1874477    
 -0.1768572    
 -0.1622694    
 -0.1346717    
 -6.9571257E-02
  1.0000000E-10
  1.0000000E-10
   1.484905    
   1.715312    
   1.543346    
   1.295970    
   1.053195    
  0.8382806    
  0.6620065    
  0.5244419    
  0.4204107    
  0.3374857    
  0.2373972    
  0.1384340    
  4.3909259E-02
 -3.2760572E-02
 -8.8171214E-02
 -0.1254399    
 -0.1451334    
 -0.1503350    
 -0.1463120    
 -0.1346365    
 -0.1163604    
 -9.4080359E-02
 -6.3934676E-02
 -1.8902032E-02
  1.0000000E-10
  1.0000000E-10
   2.023696    
   2.143182    
   1.834408    
   1.364740    
  0.9969627    
  0.7232555    
  0.5311869    
  0.4003565    
  0.3146275    
  0.2454019    
  0.1535175    
  7.9322942E-02
  9.5514115E-03
 -4.3643121E-02
 -8.1596695E-02
 -0.1052855    
 -0.1129010    
 -0.1076078    
 -9.7113788E-02
 -8.2356729E-02
 -6.1089300E-02
 -2.8664025E-02
  1.8696625E-02
  2.5790380E-02
  1.0000000E-10
  1.0000000E-10
   2.857908    
   2.917812    
   2.440230    
   1.292100    
  0.8051615    
  0.5240626    
  0.3587353    
  0.2596984    
  0.2045626    
  0.1500907    
  8.4099412E-02
  3.7443526E-02
 -1.9640008E-03
 -3.2670300E-02
 -5.5515103E-02
 -6.9611952E-02
 -7.0670702E-02
 -5.8692753E-02
 -4.0428888E-02
 -1.5832582E-02
  1.4668156E-02
  3.0900387E-02
  3.9004963E-02
  2.5222946E-02
  1.0000000E-10
  1.0000000E-10
   3.512679    
   3.331640    
   2.358979    
  0.9535617    
  0.4580401    
  0.2265538    
  0.1203425    
  6.8020009E-02
  4.8220601E-02
  1.6720541E-02
 -1.3002942E-02
 -2.0979460E-02
 -2.8434798E-02
 -3.5530556E-02
 -3.9064758E-02
 -3.8944330E-02
 -2.3152893E-02
  8.0309780E-03
  2.0926248E-02
  1.7230749E-02
  9.8956386E-03
  8.8820150E-03
  1.1989588E-02
  7.2895451E-03
  1.0000000E-10
  1.0000000E-10
   4.420701    
   4.420701    
   4.420701    
  1.0000000E-10
  1.0000000E-10
  1.0000000E-10
  1.0000000E-10
  1.0000000E-10
  1.0000000E-10
  1.0000000E-10
  1.0000000E-10
  1.0000000E-10
  1.0000000E-10
  1.0000000E-10
  1.0000000E-10
  1.0000000E-10
  1.0000000E-10
  1.0000000E-10
  1.0000000E-10
  1.0000000E-10
  1.0000000E-10
  1.0000000E-10
  1.0000000E-10
  1.0000000E-10
  1.0000000E-10
