  1.0000000E-10
  1.0000000E-10
  1.0000000E-10
  1.0000000E-10
  1.0000000E-10
  1.0000000E-10
  1.0000000E-10
  1.0000000E-10
  1.0000000E-10
  1.0000000E-10
  1.0000000E-10
  1.0000000E-10
  1.0000000E-10
  1.0000000E-10
  1.0000000E-10
  1.0000000E-10
  1.0000000E-10
  1.0000000E-10
  1.0000000E-10
  1.0000000E-10
  1.0000000E-10
  1.0000000E-10
  1.0000000E-10
  1.0000000E-10
  1.0000000E-10
  1.0000000E-10
  1.0000000E-10
 -0.1457890    
 -0.3230208    
 -0.5530504    
 -0.5469087    
 -0.1790368    
  9.4903253E-02
  0.2021710    
  0.2857416    
  0.3318051    
  0.3361934    
  0.2981160    
  0.2187965    
  0.1134835    
  7.3570376E-03
 -3.3123877E-02
 -3.4767449E-02
 -3.8831212E-02
 -3.2298133E-02
 -3.3446934E-02
 -2.9153584E-02
 -2.2199120E-02
 -1.3069615E-02
 -4.7203293E-03
 -3.4504166E-04
  1.0000000E-10
  1.0000000E-10
 -0.1098392    
 -0.2134828    
 -0.2890117    
 -0.2541299    
 -0.1185835    
  4.7052260E-02
  0.1786349    
  0.2882539    
  0.3728442    
  0.4234375    
  0.4336992    
  0.3992091    
  0.3273793    
  0.2381744    
  0.1492770    
  6.0879439E-02
 -4.0643208E-02
 -4.1479014E-02
 -4.6894137E-02
 -4.2413171E-02
 -3.3107251E-02
 -2.1230346E-02
 -9.3044220E-03
 -1.6922542E-03
  1.0000000E-10
  1.0000000E-10
 -7.0650391E-02
 -0.1204800    
 -0.1525120    
 -0.1268689    
 -5.9250183E-02
  3.7563931E-02
  0.1412116    
  0.2335079    
  0.3092985    
  0.3671587    
  0.4005359    
  0.3999821    
  0.3642803    
  0.3068279    
  0.2401939    
  0.1727642    
  0.1087665    
  5.9398361E-02
  7.3478761E-04
 -1.6993547E-02
 -1.8996144E-02
 -1.5148266E-02
 -8.6417887E-03
 -2.6330973E-03
  1.0000000E-10
  1.0000000E-10
 -3.9401907E-02
 -5.6329250E-02
 -6.8737686E-02
 -5.3317104E-02
 -1.5569165E-02
  4.2788517E-02
  0.1148134    
  0.1855173    
  0.2467787    
  0.2925202    
  0.3271836    
  0.3424791    
  0.3305782    
  0.2973777    
  0.2526767    
  0.2052590    
  0.1600853    
  0.1212951    
  8.7309070E-02
  5.7393689E-02
  2.7716722E-02
  8.0983704E-03
  4.7651361E-04
 -1.3800079E-03
  1.0000000E-10
  1.0000000E-10
 -1.6092824E-02
 -1.5571109E-02
 -1.7311871E-02
 -8.7480117E-03
  1.2030835E-02
  4.6721879E-02
  9.2504539E-02
  0.1412276    
  0.1854219    
  0.2185291    
  0.2444748    
  0.2629021    
  0.2634733    
  0.2464327    
  0.2190079    
  0.1881878    
  0.1576465    
  0.1293641    
  0.1033040    
  7.9369046E-02
  5.7577491E-02
  3.3455838E-02
  1.2371972E-02
  1.0305092E-03
  1.0000000E-10
  1.0000000E-10
 -1.9512518E-03
  7.1534254E-03
  1.1497851E-02
  1.5217918E-02
  2.4875216E-02
  4.2270876E-02
  6.7595057E-02
  9.6134648E-02
  0.1229552    
  0.1432452    
  0.1548782    
  0.1709929    
  0.1776233    
  0.1705082    
  0.1554678    
  0.1375906    
  0.1188736    
  0.1002373    
  8.1876859E-02
  6.3782297E-02
  4.7083549E-02
  2.8098881E-02
  1.1964390E-02
  1.6356711E-03
  1.0000000E-10
  1.0000000E-10
  7.1587726E-03
  1.7427348E-02
  2.2540325E-02
  2.1453345E-02
  2.2152636E-02
  2.6244000E-02
  3.4965560E-02
  4.5820978E-02
  5.6994621E-02
  6.7666717E-02
  5.8432490E-02
  6.9668449E-02
  8.0204822E-02
  7.8684390E-02
  7.2542511E-02
  6.5452814E-02
  5.7661682E-02
  4.9278755E-02
  4.0353764E-02
  3.0724928E-02
  2.1693196E-02
  1.2457899E-02
  4.8515140E-03
  4.2601628E-04
  1.0000000E-10
  1.0000000E-10
  1.2417408E-02
  1.8255662E-02
  1.9291859E-02
  1.1637142E-02
  3.5264986E-03
 -3.7237706E-03
 -9.2677586E-03
 -1.3698034E-02
 -1.4750252E-02
 -1.0929273E-02
 -3.3414237E-02
 -3.6421705E-02
 -2.4114249E-02
 -2.3220763E-02
 -2.0593310E-02
 -1.6128501E-02
 -1.1843987E-02
 -8.2516214E-03
 -5.7528778E-03
 -4.4381549E-03
 -3.4244077E-03
 -2.8476340E-03
 -1.9216987E-03
 -7.9514022E-04
  1.0000000E-10
  1.0000000E-10
  1.3760551E-02
  1.0374468E-02
  2.9157042E-03
 -1.4082464E-02
 -3.2694541E-02
 -5.1954523E-02
 -7.0865639E-02
 -8.8003568E-02
 -9.7448416E-02
 -9.9055983E-02
 -0.1186287    
 -0.1344091    
 -0.1306171    
 -0.1246627    
 -0.1119946    
 -9.5221482E-02
 -7.7605717E-02
 -6.0809046E-02
 -4.5977861E-02
 -3.3102106E-02
 -2.2050591E-02
 -1.2384516E-02
 -4.6648150E-03
 -4.5509083E-04
  1.0000000E-10
  1.0000000E-10
  1.1094236E-02
 -6.8710130E-03
 -2.8563106E-02
 -6.0666658E-02
 -9.5310546E-02
 -0.1323613    
 -0.1695622    
 -0.2029494    
 -0.2233447    
 -0.2178794    
 -0.1950620    
 -0.2159280    
 -0.2187792    
 -0.2097577    
 -0.1889895    
 -0.1613438    
 -0.1314946    
 -0.1023488    
 -7.5787216E-02
 -5.2691009E-02
 -3.1481661E-02
 -1.4764915E-02
 -9.3707573E-03
 -5.3970488E-03
  1.0000000E-10
  1.0000000E-10
  6.3754343E-03
 -3.5127044E-02
 -8.1838824E-02
 -0.1393570    
 -0.2062615    
 -0.2811218    
 -0.3630415    
 -0.4502759    
 -0.5395299    
 -0.6246521    
 -0.6940060    
 -0.7408308    
 -0.7904841    
 -0.8359404    
 -0.8736569    
 -0.9043990    
 -0.9290674    
 -0.9485077    
 -0.9635767    
 -0.9751781    
 -0.9841734    
 -0.9909734    
 -0.9957116    
 -0.9985876    
  -1.000000    
  1.0000000E-10
  3.6360109E-03
 -7.4670926E-02
 -0.1431902    
 -0.2161309    
 -0.2931717    
 -0.3735997    
 -0.4563463    
 -0.5398607    
 -0.6223935    
 -0.7023494    
 -0.7794178    
 -0.8486180    
 -0.9059379    
 -0.9459392    
 -0.9704484    
 -0.9849710    
 -0.9930602    
 -0.9972734    
 -0.9993063    
  -1.000194    
  -1.000525    
  -1.000584    
  -1.000458    
  -1.000223    
  -1.000000    
  1.0000000E-10
  1.6989178E-03
 -7.4246176E-02
 -0.1387446    
 -0.2060815    
 -0.2767202    
 -0.3510900    
 -0.4294201    
 -0.5113235    
 -0.5958671    
 -0.6815754    
 -0.7657667    
 -0.8427116    
 -0.9063202    
 -0.9495488    
 -0.9742794    
 -0.9865493    
 -0.9901594    
 -0.9889593    
 -0.9862970    
 -0.9841595    
 -0.9838778    
 -0.9865050    
 -0.9918000    
 -0.9967484    
  -1.000000    
  1.0000000E-10
  2.7595337E-03
 -4.3817792E-02
 -9.0168573E-02
 -0.1435273    
 -0.2026706    
 -0.2662723    
 -0.3333361    
 -0.4022885    
 -0.4710425    
 -0.5369237    
 -0.5957698    
 -0.6390402    
 -0.6546290    
 -0.6329499    
 -0.5796941    
 -0.5030957    
 -0.4117718    
 -0.3284201    
 -0.2532510    
 -0.1859585    
 -0.1268350    
 -7.9002820E-02
 -4.5891069E-02
 -1.3699191E-02
  1.0000000E-10
  1.0000000E-10
  1.5146250E-03
 -3.1609952E-02
 -6.9992565E-02
 -0.1130938    
 -0.1607926    
 -0.2114022    
 -0.2635446    
 -0.3151075    
 -0.3634575    
 -0.4055226    
 -0.4373439    
 -0.4510889    
 -0.4340265    
 -0.3790584    
 -0.2986562    
 -0.2102603    
 -0.1661023    
 -0.1249958    
 -8.8573650E-02
 -5.7431962E-02
 -2.9729337E-02
 -9.6846269E-03
  2.7980313E-03
  5.5595501E-03
  1.0000000E-10
  1.0000000E-10
 -1.3574690E-03
 -2.9815324E-02
 -6.6250555E-02
 -0.1041585    
 -0.1445568    
 -0.1849630    
 -0.2235605    
 -0.2579413    
 -0.2855747    
 -0.3039988    
 -0.3109971    
 -0.3023182    
 -0.2690421    
 -0.2088560    
 -0.1442174    
 -0.1318543    
 -0.1098207    
 -8.9163750E-02
 -7.0516117E-02
 -5.4548766E-02
 -4.0505145E-02
 -2.7125871E-02
 -1.4024199E-02
 -3.4383393E-03
  1.0000000E-10
  1.0000000E-10
 -7.7463533E-03
 -3.8675547E-02
 -7.8257620E-02
 -0.1155397    
 -0.1526296    
 -0.1855083    
 -0.2117483    
 -0.2288638    
 -0.2351320    
 -0.2296492    
 -0.2127070    
 -0.1845247    
 -0.1417628    
 -8.3657458E-02
 -4.0523998E-02
 -4.4010580E-02
 -3.2959767E-02
 -2.6424270E-02
 -2.2958448E-02
 -2.1606836E-02
 -2.1058239E-02
 -1.8620178E-02
 -1.2969998E-02
 -5.6358380E-03
  1.0000000E-10
  1.0000000E-10
 -2.0961221E-02
 -6.2321436E-02
 -0.1109532    
 -0.1529522    
 -0.1899085    
 -0.2159179    
 -0.2282797    
 -0.2253128    
 -0.2073529    
 -0.1762699    
 -0.1351037    
 -8.6132787E-02
 -3.2181170E-02
  6.5920010E-02
  6.8442985E-02
  6.0195174E-02
  5.7430405E-02
  5.1436745E-02
  4.1583344E-02
  2.9310906E-02
  1.6289670E-02
  5.2317674E-03
 -2.5055029E-03
 -4.9123205E-03
  1.0000000E-10
  1.0000000E-10
 -4.4622701E-02
 -0.1062797    
 -0.1735887    
 -0.2269035    
 -0.2650276    
 -0.2809747    
 -0.2734670    
 -0.2437939    
 -0.1962851    
 -0.1368907    
 -7.1154363E-02
  6.6460841E-03
  8.6801469E-02
  0.1572336    
  0.1659147    
  0.1596197    
  0.1491033    
  0.1328811    
  0.1116343    
  8.7426431E-02
  6.1870947E-02
  3.6936224E-02
  1.3551254E-02
 -1.7128331E-03
  1.0000000E-10
  1.0000000E-10
 -8.1359573E-02
 -0.1815466    
 -0.2846117    
 -0.3556302    
 -0.3906653    
 -0.3859021    
 -0.3459657    
 -0.2787733    
 -0.1945946    
 -0.1043324    
 -8.6685931E-03
  0.1013836    
  0.1931204    
  0.2490002    
  0.2588812    
  0.2495446    
  0.2311172    
  0.2051520    
  0.1736404    
  0.1392567    
  0.1035745    
  6.9312759E-02
  3.1522963E-02
  2.3673403E-03
  1.0000000E-10
  1.0000000E-10
 -0.1363960    
 -0.3119096    
 -0.4791055    
 -0.5702187    
 -0.5837183    
 -0.5342024    
 -0.4407930    
 -0.3220783    
 -0.1943683    
 -7.2780013E-02
  6.7621306E-02
  0.1926825    
  0.2869192    
  0.3362598    
  0.3403097    
  0.3216530    
  0.2914726    
  0.2536630    
  0.2114956    
  0.1683525    
  0.1264791    
  8.7001510E-02
  4.3604441E-02
  3.5298169E-03
  1.0000000E-10
  1.0000000E-10
 -0.2129004    
 -0.5395128    
 -0.8248306    
 -0.9260516    
 -0.8626388    
 -0.7229471    
 -0.5469553    
 -0.3627924    
 -0.1874340    
 -2.6704732E-02
  0.1521509    
  0.2829655    
  0.3791685    
  0.4122619    
  0.3985366    
  0.3603143    
  0.3114049    
  0.2577223    
  0.2024255    
  0.1492753    
  0.1036835    
  6.1826520E-02
  1.8345617E-02
 -1.6718209E-03
  1.0000000E-10
  1.0000000E-10
 -0.3124765    
 -0.8835770    
  -1.406581    
  -1.522524    
  -1.242786    
 -0.9364696    
 -0.6442628    
 -0.3872537    
 -0.1680736    
  5.5640936E-02
  0.2405119    
  0.3728940    
  0.4415611    
  0.4417998    
  0.3955122    
  0.3258163    
  0.2510289    
  0.1810326    
  0.1106780    
  3.1128110E-02
 -2.0939101E-02
 -2.1056874E-02
 -1.5309151E-02
 -8.0953334E-03
  1.0000000E-10
  1.0000000E-10
 -0.2502409    
  -1.248283    
  -2.568881    
  -2.778831    
  -1.616936    
  -1.050344    
 -0.6479210    
 -0.3481458    
 -0.1174371    
  0.1516621    
  0.2691566    
  0.3389796    
  0.3456292    
  0.2955777    
  0.2085780    
  0.1116755    
  4.0132534E-03
 -4.4934113E-02
 -4.9314260E-02
 -5.0290234E-02
 -4.2173792E-02
 -2.8767332E-02
 -1.5483731E-02
 -4.7556870E-03
  1.0000000E-10
  1.0000000E-10
  1.0000000E-10
  1.0000000E-10
  1.0000000E-10
  1.0000000E-10
  1.0000000E-10
  1.0000000E-10
  1.0000000E-10
  1.0000000E-10
  1.0000000E-10
  1.0000000E-10
  1.0000000E-10
  1.0000000E-10
  1.0000000E-10
  1.0000000E-10
  1.0000000E-10
  1.0000000E-10
  1.0000000E-10
  1.0000000E-10
  1.0000000E-10
  1.0000000E-10
  1.0000000E-10
  1.0000000E-10
  1.0000000E-10
  1.0000000E-10
  1.0000000E-10
