  1.0000000E-10
  -2.210351    
  -2.210351    
  -2.210351    
  1.0000000E-10
  1.0000000E-10
  1.0000000E-10
  1.0000000E-10
  1.0000000E-10
  1.0000000E-10
  1.0000000E-10
  1.0000000E-10
  1.0000000E-10
  1.0000000E-10
  1.0000000E-10
  1.0000000E-10
  1.0000000E-10
  1.0000000E-10
  1.0000000E-10
  1.0000000E-10
  1.0000000E-10
  1.0000000E-10
  1.0000000E-10
  1.0000000E-10
  1.0000000E-10
  1.0000000E-10
  1.0000000E-10
  -1.727614    
  -1.744326    
  -1.247112    
 -0.5160422    
 -0.2559328    
 -0.1380148    
 -6.8234831E-02
 -5.0772005E-03
  1.5946044E-02
  2.5523920E-02
  3.0428747E-02
  3.1611364E-02
  2.8194388E-02
  1.8938284E-02
  1.6667992E-03
 -8.5256025E-03
 -5.9031206E-03
 -1.4813251E-03
 -3.6954688E-04
 -1.3100940E-03
 -2.0484715E-03
 -2.8208659E-03
 -2.4159625E-03
 -7.3056633E-04
  1.0000000E-10
  1.0000000E-10
  -1.407462    
  -1.566024    
  -1.329665    
 -0.7494833    
 -0.4946796    
 -0.3472899    
 -0.2528012    
 -0.1333945    
 -7.5339079E-02
 -2.8495722E-02
  6.3789962E-03
  3.1275060E-02
  4.5446701E-02
  4.8318960E-02
  4.0364735E-02
  2.7296921E-02
  1.2039820E-02
  1.7661830E-04
 -5.0855633E-03
 -9.5569324E-03
 -1.3173259E-02
 -1.5492768E-02
 -1.3138882E-02
 -5.5814497E-03
  1.0000000E-10
  1.0000000E-10
  -1.000347    
  -1.237012    
  -1.089927    
 -0.8364685    
 -0.6330863    
 -0.4787767    
 -0.3632537    
 -0.2241796    
 -0.1296899    
 -5.7942428E-02
  4.9149745E-05
  4.2561080E-02
  6.7685910E-02
  7.7460326E-02
  7.5635344E-02
  6.8966553E-02
  5.9048403E-02
  4.3469667E-02
  2.2324616E-02
 -3.3510390E-03
 -1.8644098E-02
 -2.7207140E-02
 -2.6103962E-02
 -1.3169676E-02
  1.0000000E-10
  1.0000000E-10
 -0.7425212    
  -1.066115    
  -1.002053    
 -0.8565794    
 -0.7087033    
 -0.5728399    
 -0.4522569    
 -0.3145483    
 -0.1966471    
 -0.1030659    
 -2.7970815E-02
  3.2817122E-02
  7.3600352E-02
  9.4736874E-02
  0.1014408    
  9.9677540E-02
  9.1510050E-02
  7.7742107E-02
  6.0643241E-02
  4.0934529E-02
  1.5141865E-02
 -9.8753981E-03
 -2.0521460E-02
 -1.3521901E-02
  1.0000000E-10
  1.0000000E-10
 -0.5725703    
 -0.9520454    
 -0.9461421    
 -0.8532194    
 -0.7439442    
 -0.6290587    
 -0.5129065    
 -0.3838707    
 -0.2540316    
 -0.1406717    
 -5.1150102E-02
  2.0820342E-02
  7.3403679E-02
  0.1045224    
  0.1194031    
  0.1230554    
  0.1181280    
  0.1063413    
  9.0024658E-02
  7.1288913E-02
  5.2081726E-02
  2.8051307E-02
  8.2649989E-03
 -6.8504433E-04
  1.0000000E-10
  1.0000000E-10
 -0.4929787    
 -0.8726445    
 -0.9056509    
 -0.8396936    
 -0.7552968    
 -0.6582774    
 -0.5506664    
 -0.4307359    
 -0.3012154    
 -0.1724617    
 -6.8722531E-02
  7.1935076E-03
  6.7672491E-02
  0.1067115    
  0.1285795    
  0.1375023    
  0.1364378    
  0.1277126    
  0.1139997    
  9.7853430E-02
  8.0177553E-02
  6.0458727E-02
  4.0091448E-02
  1.5559194E-02
  1.0000000E-10
  1.0000000E-10
 -0.4645991    
 -0.8240450    
 -0.8664536    
 -0.8162509    
 -0.7481726    
 -0.6654577    
 -0.5680642    
 -0.4557402    
 -0.3308591    
 -0.1987084    
 -7.6308958E-02
  2.2771389E-03
  6.3796945E-02
  0.1064449    
  0.1316652    
  0.1436317    
  0.1453578    
  0.1393852    
  0.1282053    
  0.1147412    
  9.9652141E-02
  8.1500791E-02
  5.7846174E-02
  2.4300929E-02
  1.0000000E-10
  1.0000000E-10
 -0.4634194    
 -0.7846771    
 -0.8182679    
 -0.7769780    
 -0.7206315    
 -0.6501385    
 -0.5641803    
 -0.4615856    
 -0.3424078    
 -0.2109155    
 -8.4455483E-02
  1.5351688E-04
  5.4025616E-02
  9.6630879E-02
  0.1225711    
  0.1357661    
  0.1391818    
  0.1352206    
  0.1263642    
  0.1149461    
  0.1006626    
  8.1635423E-02
  5.5588108E-02
  2.1419715E-02
  1.0000000E-10
  1.0000000E-10
 -0.4568326    
 -0.7249622    
 -0.7411562    
 -0.7060465    
 -0.6602897    
 -0.6026525    
 -0.5315951    
 -0.4455332    
 -0.3431595    
 -0.2245461    
 -9.5786996E-02
  1.6701236E-02
  6.3205481E-02
  8.9684658E-02
  0.1084418    
  0.1186086    
  0.1211523    
  0.1178054    
  0.1101885    
  9.9329814E-02
  8.6471505E-02
  7.0814922E-02
  4.9673337E-02
  2.0503854E-02
  1.0000000E-10
  1.0000000E-10
 -0.4006883    
 -0.6047469    
 -0.6029899    
 -0.5750907    
 -0.5407283    
 -0.4987546    
 -0.4482873    
 -0.3886923    
 -0.3198762    
 -0.2429709    
 -0.1616000    
 -8.2043573E-02
 -9.8825209E-03
  2.9741379E-02
  4.4250920E-02
  4.6865348E-02
  4.3193482E-02
  3.6125243E-02
  2.7476879E-02
  1.8293018E-02
  8.9596324E-03
  1.8370809E-03
 -3.5412859E-03
 -4.4470821E-03
  1.0000000E-10
  1.0000000E-10
 -0.2640232    
 -0.3936876    
 -0.3778141    
 -0.3550830    
 -0.3294137    
 -0.2997232    
 -0.2652118    
 -0.2252996    
 -0.1798371    
 -0.1297227    
 -7.7962250E-02
 -3.0149778E-02
  7.3058857E-03
  2.7734814E-02
  3.4003563E-02
  3.3198893E-02
  2.9392498E-02
  2.4586665E-02
  1.9724568E-02
  1.5186505E-02
  1.1090492E-02
  7.5027402E-03
  4.4570980E-03
  1.9412508E-03
  1.0000000E-10
  1.0000000E-10
 -5.5979140E-02
 -8.2850151E-02
 -6.1237894E-02
 -4.5387592E-02
 -3.2712124E-02
 -2.1296132E-02
 -1.0054654E-02
  1.7593330E-03
  1.4654759E-02
  2.8757909E-02
  4.3380518E-02
  5.6504134E-02
  6.5526143E-02
  6.7929253E-02
  6.4140849E-02
  5.6675151E-02
  4.7925834E-02
  3.9261580E-02
  3.1334471E-02
  2.4368649E-02
  1.8336592E-02
  1.3035891E-02
  8.2167508E-03
  3.7801985E-03
  1.0000000E-10
  1.0000000E-10
  0.2135647    
  0.3381313    
  0.3243070    
  0.3077649    
  0.2919307    
  0.2760494    
  0.2598220    
  0.2430603    
  0.2255364    
  0.2069134    
  0.1867158    
  0.1642658    
  0.1385188    
  0.1121743    
  8.9392006E-02
  7.0444211E-02
  5.5276848E-02
  4.3392595E-02
  3.4035709E-02
  2.6490698E-02
  2.0161182E-02
  1.4576020E-02
  9.3953479E-03
  4.4395686E-03
  1.0000000E-10
  1.0000000E-10
  0.3636900    
  0.5640907    
  0.5637081    
  0.5421656    
  0.5180542    
  0.4908080    
  0.4600579    
  0.4254954    
  0.3868522    
  0.3439471    
  0.2967575    
  0.2451778    
  0.1876696    
  0.1287776    
  7.5591080E-02
  3.6338806E-02
  1.2517228E-02
 -1.3237733E-04
 -3.9265035E-03
 -2.4613368E-04
  1.0292295E-02
  2.6513925E-02
  3.9696485E-02
  3.1900343E-02
  1.0000000E-10
  1.0000000E-10
  0.4527130    
  0.7194885    
  0.7354714    
  0.7079997    
  0.6747555    
  0.6351634    
  0.5886313    
  0.5345126    
  0.4719900    
  0.3999212    
  0.3165521    
  0.2186547    
  0.1003691    
 -2.0711111E-02
 -9.4780132E-02
 -0.1322371    
 -0.1578992    
 -0.1750094    
 -0.1848546    
 -0.1870164    
 -0.1775948    
 -0.1533096    
 -0.1100491    
 -4.5859851E-02
  1.0000000E-10
  1.0000000E-10
  0.4909985    
  0.8147746    
  0.8461540    
  0.8130230    
  0.7708797    
  0.7199271    
  0.6597289    
  0.5898621    
  0.5097157    
  0.4182841    
  0.3141789    
  0.1958834    
  6.6847071E-02
 -3.2503229E-02
 -8.9758426E-02
 -0.1339168    
 -0.1673417    
 -0.1909270    
 -0.2055833    
 -0.2109450    
 -0.2030924    
 -0.1755686    
 -0.1203008    
 -4.1600704E-02
  1.0000000E-10
  1.0000000E-10
  0.5168426    
  0.8845179    
  0.9235938    
  0.8825134    
  0.8295359    
  0.7659520    
  0.6921516    
  0.6086239    
  0.5154635    
  0.4120361    
  0.2981260    
  0.1755198    
  4.6621215E-02
 -4.9566098E-02
 -0.1083949    
 -0.1540604    
 -0.1859269    
 -0.2074548    
 -0.2202374    
 -0.2251149    
 -0.2211463    
 -0.2024805    
 -0.1553955    
 -6.7035250E-02
  1.0000000E-10
  1.0000000E-10
  0.5636711    
  0.9594308    
  0.9901256    
  0.9358280    
  0.8671189    
  0.7868811    
  0.6974263    
  0.6009175    
  0.4982777    
  0.3885738    
  0.2735452    
  0.1444045    
  2.5557240E-02
 -5.2881062E-02
 -0.1106090    
 -0.1526885    
 -0.1813418    
 -0.1991809    
 -0.2081376    
 -0.2098453    
 -0.2052440    
 -0.1915596    
 -0.1548255    
 -7.4263424E-02
  1.0000000E-10
  1.0000000E-10
  0.6572124    
   1.062102    
   1.060315    
  0.9838809    
  0.8905154    
  0.7869836    
  0.6789333    
  0.5704408    
  0.4624409    
  0.3498382    
  0.2287267    
  0.1101082    
  1.1375980E-02
 -5.9583995E-02
 -0.1108525    
 -0.1461927    
 -0.1681912    
 -0.1795824    
 -0.1822144    
 -0.1779179    
 -0.1689047    
 -0.1548062    
 -0.1251625    
 -6.1964653E-02
  1.0000000E-10
  1.0000000E-10
  0.8354939    
   1.197336    
   1.148841    
   1.031804    
  0.8985485    
  0.7629420    
  0.6344580    
  0.5174164    
  0.4098550    
  0.2905794    
  0.1792585    
  7.6325603E-02
 -8.0773020E-03
 -6.7442179E-02
 -0.1086643    
 -0.1345480    
 -0.1479770    
 -0.1519812    
 -0.1477650    
 -0.1368084    
 -0.1213387    
 -0.1035594    
 -7.5150274E-02
 -3.2145146E-02
  1.0000000E-10
  1.0000000E-10
   1.116239    
   1.397820    
   1.275366    
   1.077246    
  0.8809986    
  0.7054288    
  0.5591838    
  0.4414689    
  0.3390816    
  0.2193600    
  0.1277473    
  4.4972766E-02
 -2.2919379E-02
 -6.9681786E-02
 -0.1001283    
 -0.1157373    
 -0.1203537    
 -0.1180204    
 -0.1086100    
 -9.2868067E-02
 -7.3055595E-02
 -4.9801048E-02
 -1.3821173E-02
  5.2084937E-03
  1.0000000E-10
  1.0000000E-10
   1.516176    
   1.693897    
   1.461811    
   1.098858    
  0.8121023    
  0.5970283    
  0.4453223    
  0.3412640    
  0.2486237    
  0.1425691    
  7.4085914E-02
  1.1859337E-02
 -3.5334375E-02
 -6.6424996E-02
 -8.4480383E-02
 -8.9280151E-02
 -8.5428827E-02
 -7.8717127E-02
 -6.7556925E-02
 -4.9425848E-02
 -2.2503823E-02
  1.5929453E-02
  3.4196727E-02
  2.4211332E-02
  1.0000000E-10
  1.0000000E-10
   2.136103    
   2.243382    
   1.884004    
   1.018703    
  0.6462675    
  0.4297872    
  0.3029993    
  0.2299792    
  0.1516710    
  8.0213971E-02
  3.5631854E-02
 -5.7847152E-04
 -2.7671073E-02
 -4.6078458E-02
 -5.5711612E-02
 -5.3411391E-02
 -4.2122558E-02
 -2.8419267E-02
 -9.6728522E-03
  5.9504826E-03
  1.6812088E-02
  2.7258264E-02
  2.8633703E-02
  1.5085336E-02
  1.0000000E-10
  1.0000000E-10
   2.622535    
   2.539051    
   1.801695    
  0.7325868    
  0.3530255    
  0.1752508    
  9.5325269E-02
  5.9658386E-02
  1.5876589E-02
 -1.4056724E-02
 -2.1523282E-02
 -2.6530085E-02
 -3.0457761E-02
 -3.1718910E-02
 -2.8019723E-02
 -1.1324291E-02
  7.9599842E-03
  1.3731579E-02
  7.5772218E-03
  9.3077420E-04
  1.3098607E-03
  5.6363572E-03
  6.8654413E-03
  3.2868099E-03
  1.0000000E-10
  1.0000000E-10
   3.315526    
   3.315526    
   3.315526    
  1.0000000E-10
  1.0000000E-10
  1.0000000E-10
  1.0000000E-10
  1.0000000E-10
  1.0000000E-10
  1.0000000E-10
  1.0000000E-10
  1.0000000E-10
  1.0000000E-10
  1.0000000E-10
  1.0000000E-10
  1.0000000E-10
  1.0000000E-10
  1.0000000E-10
  1.0000000E-10
  1.0000000E-10
  1.0000000E-10
  1.0000000E-10
  1.0000000E-10
  1.0000000E-10
  1.0000000E-10
