  1.0000000E-10
  1.0000000E-10
  1.0000000E-10
  1.0000000E-10
  1.0000000E-10
  1.0000000E-10
  1.0000000E-10
  1.0000000E-10
  1.0000000E-10
  1.0000000E-10
  1.0000000E-10
  1.0000000E-10
  1.0000000E-10
  1.0000000E-10
  1.0000000E-10
  1.0000000E-10
  1.0000000E-10
  1.0000000E-10
  1.0000000E-10
  1.0000000E-10
  1.0000000E-10
  1.0000000E-10
  1.0000000E-10
  1.0000000E-10
  1.0000000E-10
  1.0000000E-10
  1.0000000E-10
 -0.1815755    
 -0.5988955    
  -1.184600    
  -1.251163    
 -0.6078054    
 -0.2697176    
  1.0678886E-02
  0.1888573    
  0.2724804    
  0.3099685    
  0.2983402    
  0.2387803    
  0.1481664    
  5.4488990E-02
 -1.2214825E-02
 -2.2776943E-02
 -2.7868213E-02
 -2.6769375E-02
 -2.4758898E-02
 -2.2989947E-02
 -1.7424919E-02
 -1.0457521E-02
 -3.9958325E-03
 -4.3778960E-04
  1.0000000E-10
  1.0000000E-10
 -0.1763293    
 -0.4148458    
 -0.6324304    
 -0.6432132    
 -0.4493099    
 -0.2455379    
 -5.8033042E-02
  0.1420990    
  0.2566661    
  0.3441820    
  0.3856987    
  0.3762538    
  0.3234238    
  0.2499195    
  0.1716802    
  9.9010095E-02
  1.8470537E-02
 -2.5073797E-02
 -2.8659044E-02
 -3.0100374E-02
 -2.4208605E-02
 -1.5933255E-02
 -7.2619985E-03
 -1.4830421E-03
  1.0000000E-10
  1.0000000E-10
 -0.1194099    
 -0.2464702    
 -0.3565741    
 -0.3669428    
 -0.2926192    
 -0.1821970    
 -6.5764010E-02
  7.2880581E-02
  0.1809156    
  0.2642285    
  0.3250522    
  0.3489403    
  0.3321557    
  0.2905024    
  0.2371895    
  0.1814707    
  0.1269902    
  7.9467475E-02
  3.8447943E-02
  4.0892353E-03
 -6.0601272E-03
 -7.9221539E-03
 -5.3001223E-03
 -1.8405293E-03
  1.0000000E-10
  1.0000000E-10
 -7.4326314E-02
 -0.1364168    
 -0.1959106    
 -0.2088635    
 -0.1824648    
 -0.1263645    
 -5.7105131E-02
  3.0150454E-02
  0.1195102    
  0.1901361    
  0.2418077    
  0.2766811    
  0.2805115    
  0.2614167    
  0.2291967    
  0.1917893    
  0.1540977    
  0.1196055    
  8.9341186E-02
  6.2926918E-02
  3.7331555E-02
  1.6180817E-02
  4.6808026E-03
 -1.1627720E-04
  1.0000000E-10
  1.0000000E-10
 -3.7740871E-02
 -6.9649868E-02
 -0.1053377    
 -0.1179606    
 -0.1113741    
 -8.6344019E-02
 -4.8474465E-02
  2.4766829E-03
  6.4796530E-02
  0.1196057    
  0.1577232    
  0.1895566    
  0.2029885    
  0.1978719    
  0.1812897    
  0.1592529    
  0.1354835    
  0.1121815    
  9.0134017E-02
  6.9394171E-02
  5.0205693E-02
  2.9057974E-02
  1.1649404E-02
  1.3105128E-03
  1.0000000E-10
  1.0000000E-10
 -1.3503081E-02
 -3.0030679E-02
 -5.3881094E-02
 -6.7716449E-02
 -7.1337663E-02
 -6.4815767E-02
 -4.8341669E-02
 -2.2643013E-02
  1.2121449E-02
  4.9454954E-02
  7.9033263E-02
  9.7844832E-02
  0.1142976    
  0.1165501    
  0.1105433    
  0.1005139    
  8.8362582E-02
  7.5180337E-02
  6.1555594E-02
  4.7891609E-02
  3.4448422E-02
  2.0397371E-02
  8.4656477E-03
  1.1103763E-03
  1.0000000E-10
  1.0000000E-10
 -9.9811668E-06
 -1.0969262E-02
 -2.8576789E-02
 -4.5793198E-02
 -5.7142500E-02
 -6.3414283E-02
 -6.2939383E-02
 -5.5570692E-02
 -4.1818168E-02
 -2.2551587E-02
  1.4233498E-03
  1.8276999E-03
  2.1363907E-02
  2.6287857E-02
  2.7972782E-02
  2.8407693E-02
  2.7156020E-02
  2.4375623E-02
  2.0366136E-02
  1.5753286E-02
  1.0887332E-02
  5.7296157E-03
  1.8056569E-03
 -1.1382184E-04
  1.0000000E-10
  1.0000000E-10
  6.8497704E-03
 -5.9023248E-03
 -2.4203014E-02
 -4.6364669E-02
 -6.6285707E-02
 -8.4086657E-02
 -9.7786345E-02
 -0.1059503    
 -0.1071603    
 -9.8736763E-02
 -8.1750929E-02
 -8.0517359E-02
 -7.9160720E-02
 -6.8204291E-02
 -5.7508949E-02
 -4.5764230E-02
 -3.5207227E-02
 -2.6214555E-02
 -1.9197224E-02
 -1.3672526E-02
 -9.2878938E-03
 -5.8985800E-03
 -2.9605110E-03
 -8.0576370E-04
  1.0000000E-10
  1.0000000E-10
  8.6074416E-03
 -1.2237782E-02
 -3.7630305E-02
 -6.8182863E-02
 -9.9827543E-02
 -0.1315851    
 -0.1612804    
 -0.1860975    
 -0.2018980    
 -0.2020309    
 -0.1814517    
 -0.1577594    
 -0.1659878    
 -0.1535520    
 -0.1337745    
 -0.1108091    
 -8.8284843E-02
 -6.7631923E-02
 -4.9642909E-02
 -3.3629335E-02
 -2.0256484E-02
 -9.7938394E-03
 -2.7747937E-03
  2.2370133E-04
  1.0000000E-10
  1.0000000E-10
  6.0317558E-03
 -3.0267019E-02
 -7.0546508E-02
 -0.1160044    
 -0.1661754    
 -0.2187141    
 -0.2714352    
 -0.3207233    
 -0.3608934    
 -0.3828441    
 -0.3743947    
 -0.3265219    
 -0.2492318    
 -0.2216203    
 -0.1919215    
 -0.1590381    
 -0.1271136    
 -9.7584195E-02
 -7.1197473E-02
 -4.7785137E-02
 -3.2053228E-02
 -1.8496256E-02
 -9.5970770E-03
 -3.5216878E-03
  1.0000000E-10
  1.0000000E-10
 -9.9111744E-04
 -6.2118933E-02
 -0.1251353    
 -0.1958656    
 -0.2743635    
 -0.3597381    
 -0.4511101    
 -0.5467125    
 -0.6437328    
 -0.7378009    
 -0.8223093    
 -0.8885256    
 -0.9304526    
 -0.9466841    
 -0.9584318    
 -0.9671202    
 -0.9739457    
 -0.9795809    
 -0.9843355    
 -0.9884150    
 -0.9918231    
 -0.9949499    
 -0.9975293    
 -0.9991076    
  -1.000000    
  1.0000000E-10
  3.0028634E-03
 -6.2388875E-02
 -0.1285756    
 -0.1996538    
 -0.2773006    
 -0.3602729    
 -0.4477640    
 -0.5383658    
 -0.6302270    
 -0.7209627    
 -0.8067912    
 -0.8809632    
 -0.9371908    
 -0.9712537    
 -0.9887602    
 -0.9969895    
  -1.000271    
  -1.001219    
  -1.001210    
  -1.000921    
  -1.000643    
  -1.000446    
  -1.000284    
  -1.000128    
  -1.000000    
  1.0000000E-10
  7.1085844E-04
 -6.6512950E-02
 -0.1310409    
 -0.2002728    
 -0.2751363    
 -0.3552919    
 -0.4404734    
 -0.5297184    
 -0.6214654    
 -0.7134698    
 -0.8019888    
 -0.8800194    
 -0.9403795    
 -0.9766646    
 -0.9930695    
 -0.9978447    
 -0.9968828    
 -0.9939582    
 -0.9910564    
 -0.9892609    
 -0.9892889    
 -0.9915249    
 -0.9952254    
 -0.9982227    
  -1.000000    
  1.0000000E-10
  3.8059130E-03
 -3.6661662E-02
 -7.9885639E-02
 -0.1282887    
 -0.1824080    
 -0.2406727    
 -0.3020770    
 -0.3647490    
 -0.4260116    
 -0.4820449    
 -0.5266636    
 -0.5489249    
 -0.5353822    
 -0.4832282    
 -0.4087687    
 -0.3352505    
 -0.2698287    
 -0.2114629    
 -0.1600981    
 -0.1152735    
 -7.7156626E-02
 -4.7483120E-02
 -2.8270960E-02
 -4.5230919E-03
  1.0000000E-10
  1.0000000E-10
  4.9598804E-03
 -2.0321043E-02
 -5.1144630E-02
 -8.6366542E-02
 -0.1249907    
 -0.1658186    
 -0.2075260    
 -0.2480465    
 -0.2846237    
 -0.3136122    
 -0.3295850    
 -0.3230787    
 -0.2830137    
 -0.2192148    
 -0.1832417    
 -0.1590471    
 -0.1312011    
 -0.1040248    
 -7.7761449E-02
 -5.3488046E-02
 -3.0792037E-02
 -1.3637242E-02
 -1.9481296E-03
  2.1709790E-03
  1.0000000E-10
  1.0000000E-10
  3.5506652E-03
 -1.4502020E-02
 -3.9444257E-02
 -6.7536622E-02
 -9.6129440E-02
 -0.1245888    
 -0.1512018    
 -0.1740973    
 -0.1911608    
 -0.2002013    
 -0.1987691    
 -0.1816674    
 -0.1441047    
 -0.1145462    
 -0.1113024    
 -9.6056268E-02
 -8.0974564E-02
 -6.6621542E-02
 -5.3652517E-02
 -4.2144317E-02
 -3.1275474E-02
 -2.0737588E-02
 -1.0354741E-02
 -2.4598737E-03
  1.0000000E-10
  1.0000000E-10
 -1.7717426E-03
 -1.8552633E-02
 -4.3482363E-02
 -6.8148300E-02
 -9.0676583E-02
 -0.1099786    
 -0.1239332    
 -0.1311437    
 -0.1306167    
 -0.1219817    
 -0.1061165    
 -8.1309542E-02
 -4.0189710E-02
 -1.8194957E-02
 -2.1785811E-02
 -1.5690809E-02
 -1.2035917E-02
 -1.0145064E-02
 -9.8257037E-03
 -1.0663734E-02
 -1.1676550E-02
 -1.0895872E-02
 -7.7819680E-03
 -3.2785840E-03
  1.0000000E-10
  1.0000000E-10
 -1.2475593E-02
 -3.4933768E-02
 -6.6171184E-02
 -9.0534642E-02
 -0.1096648    
 -0.1205604    
 -0.1212538    
 -0.1115235    
 -9.2409648E-02
 -6.5170839E-02
 -3.2320902E-02
  7.9540256E-03
  5.8338184E-02
  7.4336454E-02
  7.2834872E-02
  7.0184231E-02
  6.4560309E-02
  5.5837046E-02
  4.4993721E-02
  3.2776263E-02
  2.0162558E-02
  9.3814004E-03
  1.1179917E-03
 -2.1481558E-03
  1.0000000E-10
  1.0000000E-10
 -3.2253511E-02
 -6.9231354E-02
 -0.1125337    
 -0.1410760    
 -0.1576751    
 -0.1576393    
 -0.1406976    
 -0.1094235    
 -6.8591364E-02
 -1.9507438E-02
  4.0002774E-02
  9.5457494E-02
  0.1454171    
  0.1603117    
  0.1597830    
  0.1522119    
  0.1388566    
  0.1211465    
  0.1007633    
  7.8889482E-02
  5.6401365E-02
  3.4383517E-02
  1.3363501E-02
  5.9143605E-04
  1.0000000E-10
  1.0000000E-10
 -6.4013906E-02
 -0.1275243    
 -0.1941469    
 -0.2318648    
 -0.2426637    
 -0.2235757    
 -0.1795721    
 -0.1188429    
 -5.1972605E-02
  2.9065743E-02
  0.1107507    
  0.1780695    
  0.2261897    
  0.2414784    
  0.2378466    
  0.2232091    
  0.2008847    
  0.1739377    
  0.1449938    
  0.1155774    
  8.5780591E-02
  5.7708606E-02
  2.4655301E-02
  3.0370052E-03
  1.0000000E-10
  1.0000000E-10
 -0.1086140    
 -0.2248512    
 -0.3359018    
 -0.3852919    
 -0.3764063    
 -0.3201232    
 -0.2331034    
 -0.1326824    
 -3.2937240E-02
  8.6477883E-02
  0.1817024    
  0.2571670    
  0.3048607    
  0.3144443    
  0.3009265    
  0.2740322    
  0.2390214    
  0.2005799    
  0.1623722    
  0.1267640    
  9.3427718E-02
  6.2664650E-02
  2.4797315E-02
  1.5228037E-03
  1.0000000E-10
  1.0000000E-10
 -0.1679437    
 -0.3920468    
 -0.5884838    
 -0.6431444    
 -0.5730140    
 -0.4453407    
 -0.2928759    
 -0.1423305    
  2.6493452E-03
  0.1518308    
  0.2562978    
  0.3402033    
  0.3759149    
  0.3670489    
  0.3332834    
  0.2870614    
  0.2348203    
  0.1816241    
  0.1309872    
  8.8369012E-02
  4.9838256E-02
  1.5844122E-02
  1.4310585E-03
 -2.6024748E-03
  1.0000000E-10
  1.0000000E-10
 -0.2449936    
 -0.6473461    
  -1.017464    
  -1.081051    
 -0.8445072    
 -0.5881280    
 -0.3448339    
 -0.1404000    
  7.7655531E-02
  0.2279020    
  0.3366388    
  0.3986669    
  0.4005699    
  0.3587480    
  0.2949714    
  0.2238404    
  0.1536470    
  8.4878594E-02
  4.4007949E-03
 -2.7005419E-02
 -2.7745830E-02
 -2.3605168E-02
 -1.3387009E-02
 -4.4508651E-03
  1.0000000E-10
  1.0000000E-10
 -0.2155141    
 -0.9203214    
  -1.874610    
  -2.013595    
  -1.112605    
 -0.6605921    
 -0.3347746    
 -9.3705788E-02
  0.1526237    
  0.2516994    
  0.3063993    
  0.3087648    
  0.2594877    
  0.1779549    
  8.4614761E-02
 -1.0840173E-03
 -3.0704701E-02
 -3.5191640E-02
 -3.6816865E-02
 -3.2605167E-02
 -2.8944094E-02
 -2.1531964E-02
 -1.0150272E-02
 -2.1897489E-03
  1.0000000E-10
  1.0000000E-10
  1.0000000E-10
  1.0000000E-10
  1.0000000E-10
  1.0000000E-10
  1.0000000E-10
  1.0000000E-10
  1.0000000E-10
  1.0000000E-10
  1.0000000E-10
  1.0000000E-10
  1.0000000E-10
  1.0000000E-10
  1.0000000E-10
  1.0000000E-10
  1.0000000E-10
  1.0000000E-10
  1.0000000E-10
  1.0000000E-10
  1.0000000E-10
  1.0000000E-10
  1.0000000E-10
  1.0000000E-10
  1.0000000E-10
  1.0000000E-10
  1.0000000E-10
