  1.0000000E-10
 -0.7692353    
 -0.7692353    
 -0.7692353    
 -0.7692353    
 -0.7692353    
 -0.7692353    
  1.0000000E-10
  1.0000000E-10
  1.0000000E-10
  1.0000000E-10
  1.0000000E-10
  1.0000000E-10
  1.0000000E-10
  1.0000000E-10
  1.0000000E-10
  1.0000000E-10
  1.0000000E-10
  1.0000000E-10
  1.0000000E-10
  1.0000000E-10
  1.0000000E-10
  1.0000000E-10
  1.0000000E-10
  1.0000000E-10
  1.0000000E-10
  1.0000000E-10
  1.0000000E-10
  1.0000000E-10
  1.0000000E-10
  1.0000000E-10
  1.0000000E-10
  1.0000000E-10
  1.0000000E-10
  1.0000000E-10
  1.0000000E-10
  1.0000000E-10
  1.0000000E-10
  1.0000000E-10
  1.0000000E-10
  1.0000000E-10
  1.0000000E-10
  1.0000000E-10
  1.0000000E-10
  1.0000000E-10
  1.0000000E-10
  1.0000000E-10
  1.0000000E-10
  1.0000000E-10
  1.0000000E-10
  1.0000000E-10
 -0.5190846    
 -0.7141437    
 -0.7254324    
 -0.7163060    
 -0.6679327    
 -0.4971618    
 -0.1983993    
 -9.5747910E-02
 -4.6224955E-02
 -1.3388264E-02
  1.0170453E-03
  3.4252745E-03
  4.1302461E-03
  5.0627580E-03
  6.2024952E-03
  7.1636303E-03
  7.7397437E-03
  7.8445701E-03
  7.5247656E-03
  6.8967743E-03
  6.0876324E-03
  5.1869820E-03
  4.2209416E-03
  3.3335020E-03
  2.4142484E-03
  1.0709823E-03
 -1.4949137E-04
 -6.2693149E-04
 -7.2184124E-04
 -6.4543902E-04
 -5.9419504E-04
 -5.8414938E-04
 -4.7872527E-04
 -2.2807797E-04
  7.8606456E-05
  2.9620313E-04
  3.8142488E-04
  2.9755160E-04
  5.6241483E-05
 -2.5387239E-04
 -5.2955496E-04
 -6.8399345E-04
 -6.7755295E-04
 -5.2636390E-04
 -2.8219254E-04
 -8.0427981E-06
  2.2143240E-04
  2.5617576E-04
  1.0000000E-10
  1.0000000E-10
 -0.3852198    
 -0.6004894    
 -0.6436474    
 -0.6572818    
 -0.6433861    
 -0.5587466    
 -0.3559392    
 -0.2590961    
 -0.1990760    
 -0.1486167    
 -9.7900458E-02
 -6.8344817E-02
 -4.7299173E-02
 -3.1408384E-02
 -1.8692274E-02
 -8.2279807E-03
  3.8087252E-04
  7.2873724E-03
  1.2640299E-02
  1.6631166E-02
  1.9464282E-02
  2.1284595E-02
  2.2101123E-02
  2.1968443E-02
  2.0700915E-02
  1.7640049E-02
  1.3193074E-02
  8.0439495E-03
  3.7313909E-03
  9.9780434E-04
 -7.4885588E-04
 -1.7141530E-03
 -1.4497190E-03
 -2.9786059E-04
  1.0168819E-03
  1.6164198E-03
  1.2706008E-03
  2.7290105E-05
 -1.7951010E-03
 -3.6688095E-03
 -5.1156129E-03
 -5.8103707E-03
 -5.6492914E-03
 -4.7543379E-03
 -3.4023917E-03
 -1.9229352E-03
 -6.4076058E-04
  9.8954231E-05
  1.0000000E-10
  1.0000000E-10
 -0.2526334    
 -0.4628250    
 -0.5449944    
 -0.5781894    
 -0.5748285    
 -0.5234307    
 -0.4296983    
 -0.3527686    
 -0.2896699    
 -0.2324445    
 -0.1747942    
 -0.1337866    
 -0.1027853    
 -7.6273352E-02
 -5.3102728E-02
 -3.3339735E-02
 -1.6548889E-02
 -2.2313592E-03
  9.9531151E-03
  2.0343216E-02
  2.9256172E-02
  3.6863923E-02
  4.3041091E-02
  4.7416683E-02
  4.9149707E-02
  4.7123607E-02
  4.1122738E-02
  3.1467807E-02
  1.9224841E-02
  9.2327502E-03
  2.2924629E-03
 -1.5313084E-03
 -1.7299593E-03
  2.7100462E-04
  2.7965603E-03
  3.6209554E-03
  2.2405344E-03
 -1.0596411E-03
 -5.4395869E-03
 -9.7427042E-03
 -1.3009130E-02
 -1.4603562E-02
 -1.4310519E-02
 -1.2364889E-02
 -9.3421545E-03
 -5.9444383E-03
 -2.8243267E-03
 -5.3457875E-04
  1.0000000E-10
  1.0000000E-10
 -0.1671030    
 -0.3494133    
 -0.4575667    
 -0.5194901    
 -0.5441896    
 -0.5294595    
 -0.4837955    
 -0.4287513    
 -0.3696672    
 -0.3114545    
 -0.2478909    
 -0.1974760    
 -0.1565697    
 -0.1219973    
 -9.2107654E-02
 -6.5279819E-02
 -4.1245274E-02
 -2.0307263E-02
 -1.8977917E-03
  1.4550733E-02
  2.9616881E-02
  4.3691657E-02
  5.6682039E-02
  6.8073161E-02
  7.6445214E-02
  8.0165699E-02
  7.8245483E-02
  7.0026875E-02
  5.5294033E-02
  3.5230592E-02
  1.4960838E-02
  4.1429475E-03
  7.9916400E-04
  2.3087901E-03
  5.4552411E-03
  6.1021647E-03
  3.3032098E-03
 -2.4848669E-03
 -1.0000549E-02
 -1.7265987E-02
 -2.2900430E-02
 -2.5915397E-02
 -2.5861697E-02
 -2.2959527E-02
 -1.8035877E-02
 -1.2203674E-02
 -6.5008393E-03
 -1.7296545E-03
  1.0000000E-10
  1.0000000E-10
 -0.1113011    
 -0.2653574    
 -0.3809079    
 -0.4703390    
 -0.5232937    
 -0.5396066    
 -0.5232370    
 -0.4854664    
 -0.4337073    
 -0.3770000    
 -0.3125031    
 -0.2569480    
 -0.2087362    
 -0.1663622    
 -0.1289981    
 -9.6148312E-02
 -6.7028522E-02
 -4.0644825E-02
 -1.7223984E-02
  3.9742095E-03
  2.3841972E-02
  4.3183420E-02
  6.2253054E-02
  8.0351658E-02
  9.5343441E-02
  0.1053669    
  0.1093998    
  0.1066743    
  9.7123168E-02
  8.0802776E-02
  5.6946438E-02
  2.5980648E-02
  1.0452712E-02
  7.5778952E-03
  9.7220019E-03
  9.7451443E-03
  5.3628129E-03
 -3.0880792E-03
 -1.3906162E-02
 -2.4718823E-02
 -3.3458296E-02
 -3.8773600E-02
 -3.9793283E-02
 -3.6460925E-02
 -2.9674597E-02
 -2.0952052E-02
 -1.1822611E-02
 -3.5033470E-03
  1.0000000E-10
  1.0000000E-10
 -7.6651052E-02
 -0.2078431    
 -0.3266698    
 -0.4318247    
 -0.5106407    
 -0.5515499    
 -0.5552031    
 -0.5304729    
 -0.4866958    
 -0.4318365    
 -0.3685049    
 -0.3102318    
 -0.2567555    
 -0.2082202    
 -0.1645873    
 -0.1257198    
 -9.1424622E-02
 -6.1017904E-02
 -3.3429839E-02
 -8.4075816E-03
  1.5097249E-02
  3.8318545E-02
  6.2082674E-02
  8.5983142E-02
  0.1074081    
  0.1239312    
  0.1342365    
  0.1371481    
  0.1323848    
  0.1204533    
  0.1024895    
  7.8422606E-02
  4.7114234E-02
  2.2454275E-02
  1.7427260E-02
  1.5856503E-02
  9.7330883E-03
 -1.5335608E-03
 -1.5841350E-02
 -3.0585947E-02
 -4.3300781E-02
 -5.2137982E-02
 -5.5596229E-02
 -5.2878223E-02
 -4.4568047E-02
 -3.2679513E-02
 -1.9245991E-02
 -6.0715671E-03
  1.0000000E-10
  1.0000000E-10
 -5.6363557E-02
 -0.1716954    
 -0.2922950    
 -0.4095787    
 -0.5052283    
 -0.5636479    
 -0.5819617    
 -0.5674285    
 -0.5296820    
 -0.4770137    
 -0.4163155    
 -0.3566985    
 -0.2996565    
 -0.2463428    
 -0.1974588    
 -0.1534229    
 -0.1143608    
 -7.9999700E-02
 -4.9220942E-02
 -2.1093018E-02
  5.2518225E-03
  3.1276904E-02
  5.8376785E-02
  8.6727895E-02
  0.1135787    
  0.1360222    
  0.1524841    
  0.1614245    
  0.1622237    
  0.1551891    
  0.1414309    
  0.1220093    
  9.8335877E-02
  7.1796112E-02
  4.2495485E-02
  2.6953889E-02
  1.7054072E-02
  3.3316188E-03
 -1.4313561E-02
 -3.3265062E-02
 -5.0459608E-02
 -6.3412055E-02
 -7.0369914E-02
 -7.0173092E-02
 -6.2380705E-02
 -4.7787447E-02
 -2.9365944E-02
 -9.8176245E-03
  1.0000000E-10
  1.0000000E-10
 -4.5745421E-02
 -0.1525804    
 -0.2753635    
 -0.4015905    
 -0.5088029    
 -0.5783277    
 -0.6057849    
 -0.5979627    
 -0.5645787    
 -0.5141309    
 -0.4560132    
 -0.3960308    
 -0.3367116    
 -0.2798560    
 -0.2267792    
 -0.1784345    
 -0.1353283    
 -9.7429544E-02
 -6.4024255E-02
 -3.3484820E-02
 -4.9081319E-03
  2.3144053E-02
  5.2495383E-02
  8.3982319E-02
  0.1150063    
  0.1423890    
  0.1643955    
  0.1792025    
  0.1858156    
  0.1841989    
  0.1751678    
  0.1599398    
  0.1399215    
  0.1169871    
  9.2014469E-02
  6.4965352E-02
  3.7122406E-02
  1.4362526E-02
 -7.6378379E-03
 -3.0768244E-02
 -5.2542314E-02
 -6.9901466E-02
 -8.1122391E-02
 -8.4574312E-02
 -7.9025052E-02
 -6.4298384E-02
 -4.1768245E-02
 -1.4890309E-02
  1.0000000E-10
  1.0000000E-10
 -4.1529920E-02
 -0.1466658    
 -0.2736753    
 -0.4070359    
 -0.5211742    
 -0.5962816    
 -0.6280684    
 -0.6236040    
 -0.5925421    
 -0.5442798    
 -0.4881411    
 -0.4282886    
 -0.3675852    
 -0.3081894    
 -0.2518771    
 -0.2000964    
 -0.1537457    
 -0.1129850    
 -7.7278376E-02
 -4.5135591E-02
 -1.4923278E-02
  1.4570747E-02
  4.5339581E-02
  7.8890666E-02
  0.1129111    
  0.1441507    
  0.1708206    
  0.1909055    
  0.2030663    
  0.2069001    
  0.2028755    
  0.1920194    
  0.1755747    
  0.1551386    
  0.1316966    
  0.1062549    
  7.9673029E-02
  4.6575487E-02
  1.2733473E-02
 -1.7735813E-02
 -4.5445953E-02
 -6.8370953E-02
 -8.4752358E-02
 -9.3039222E-02
 -9.1382839E-02
 -7.8474186E-02
 -5.4347415E-02
 -2.0729443E-02
  1.0000000E-10
  1.0000000E-10
 -4.1678172E-02
 -0.1509722    
 -0.2847889    
 -0.4242607    
 -0.5415623    
 -0.6175257    
 -0.6494198    
 -0.6452577    
 -0.6146666    
 -0.5682847    
 -0.5133741    
 -0.4537919    
 -0.3922551    
 -0.3310647    
 -0.2723296    
 -0.2179519    
 -0.1692079    
 -0.1264161    
 -8.9017101E-02
 -5.5695817E-02
 -2.4466176E-02
  6.0170013E-03
  3.7630331E-02
  7.2343834E-02
  0.1083273    
  0.1423874    
  0.1727600    
  0.1973259    
  0.2144617    
  0.2234020    
  0.2242423    
  0.2177140    
  0.2048568    
  0.1869431    
  0.1649970    
  0.1399899    
  0.1130065    
  8.3778307E-02
  5.2126065E-02
  1.3822699E-02
 -2.1354631E-02
 -5.2761424E-02
 -7.6122947E-02
 -9.0651691E-02
 -9.4543040E-02
 -8.5704714E-02
 -6.2737003E-02
 -2.5599448E-02
  1.0000000E-10
  1.0000000E-10
 -4.5232829E-02
 -0.1636353    
 -0.3065629    
 -0.4511712    
 -0.5683506    
 -0.6412200    
 -0.6697690    
 -0.6633966    
 -0.6321909    
 -0.5865389    
 -0.5323886    
 -0.4730322    
 -0.4109468    
 -0.3484731    
 -0.2879742    
 -0.2317867    
 -0.1815344    
 -0.1375968    
 -9.9249102E-02
 -6.5200679E-02
 -3.3386905E-02
 -2.2093423E-03
  2.9879762E-02
  6.5110236E-02
  0.1022022    
  0.1381439    
  0.1712699    
  0.1994334    
  0.2207945    
  0.2342599    
  0.2395649    
  0.2371225    
  0.2277472    
  0.2124975    
  0.1923873    
  0.1683775    
  0.1415490    
  0.1125369    
  8.2305342E-02
  5.0783541E-02
  1.4842881E-02
 -1.9896524E-02
 -5.1294651E-02
 -7.3367715E-02
 -8.4172450E-02
 -8.1374012E-02
 -6.2809028E-02
 -2.7115013E-02
  1.0000000E-10
  1.0000000E-10
 -5.1738549E-02
 -0.1834604    
 -0.3370751    
 -0.4854221    
 -0.5994295    
 -0.6659834    
 -0.6885818    
 -0.6782221    
 -0.6455635    
 -0.5997572    
 -0.5458974    
 -0.4865949    
 -0.4240592    
 -0.3606341    
 -0.2989044    
 -0.2416528    
 -0.1908084    
 -0.1466588    
 -0.1081478    
 -7.3715761E-02
 -4.1549765E-02
 -9.8085506E-03
  2.2585388E-02
  5.7933420E-02
  9.5456123E-02
  0.1324549    
  0.1674425    
  0.1983070    
  0.2230579    
  0.2403304    
  0.2495449    
  0.2508232    
  0.2447674    
  0.2322835    
  0.2143700    
  0.1920397    
  0.1663892    
  0.1383719    
  0.1090633    
  7.9323500E-02
  4.9330998E-02
  1.5204748E-02
 -1.5620268E-02
 -4.2491142E-02
 -5.9753794E-02
 -6.3695334E-02
 -5.2099623E-02
 -2.3504125E-02
  1.0000000E-10
  1.0000000E-10
 -6.1002530E-02
 -0.2095518    
 -0.3744652    
 -0.5245479    
 -0.6324859    
 -0.6902002    
 -0.7050970    
 -0.6897982    
 -0.6549880    
 -0.6084835    
 -0.5545449    
 -0.4950863    
 -0.4320992    
 -0.3679457    
 -0.3054368    
 -0.2478437    
 -0.1973361    
 -0.1538931    
 -0.1159157    
 -8.1413873E-02
 -4.8793487E-02
 -1.6601330E-02
  1.6115645E-02
  5.1415689E-02
  8.8908672E-02
  0.1263007    
  0.1623626    
  0.1950742    
  0.2223604    
  0.2426542    
  0.2551258    
  0.2596585    
  0.2566762    
  0.2469696    
  0.2315155    
  0.2113703    
  0.1876633    
  0.1614754    
  0.1338898    
  0.1058714    
  7.8259803E-02
  4.8589874E-02
  1.8915942E-02
 -6.4184703E-03
 -2.5596019E-02
 -3.5009231E-02
 -3.1747572E-02
 -1.5204408E-02
  1.0000000E-10
  1.0000000E-10
 -7.2904229E-02
 -0.2410290    
 -0.4167957    
 -0.5660377    
 -0.6652091    
 -0.7122540    
 -0.7185131    
 -0.6978364    
 -0.6606895    
 -0.6131750    
 -0.5588994    
 -0.4990909    
 -0.4356272    
 -0.3709245    
 -0.3080427    
 -0.2507992    
 -0.2014976    
 -0.1595421    
 -0.1226172    
 -8.8337213E-02
 -5.5266399E-02
 -2.2329791E-02
  1.1007686E-02
  4.6287101E-02
  8.3433166E-02
  0.1206653    
  0.1571004    
  0.1908561    
  0.2198289    
  0.2423196    
  0.2573193    
  0.2645339    
  0.2642497    
  0.2571670    
  0.2442310    
  0.2265057    
  0.2051340    
  0.1812363    
  0.1558829    
  0.1300647    
  0.1038617    
  7.7107437E-02
  5.1794145E-02
  2.8003793E-02
  8.8487044E-03
 -3.4075482E-03
 -8.0775833E-03
 -5.1295999E-03
  1.0000000E-10
  1.0000000E-10
 -8.7295674E-02
 -0.2768676    
 -0.4619841    
 -0.6073834    
 -0.6954032    
 -0.7306466    
 -0.7280652    
 -0.7021309    
 -0.6625334    
 -0.6141652    
 -0.5594338    
 -0.4991390    
 -0.4352040    
 -0.3701346    
 -0.3072539    
 -0.2509676    
 -0.2035505    
 -0.1635722    
 -0.1279441    
 -9.3978733E-02
 -6.0468379E-02
 -2.6710663E-02
  7.4879644E-03
  4.2919178E-02
  7.9627186E-02
  0.1163290    
  0.1525567    
  0.1866129    
  0.2164282    
  0.2402487    
  0.2569620    
  0.2661603    
  0.2680332    
  0.2632099    
  0.2525964    
  0.2372429    
  0.2182804    
  0.1968241    
  0.1739199    
  0.1494904    
  0.1252149    
  0.1012827    
  7.8617170E-02
  5.8013197E-02
  3.9917879E-02
  2.4748752E-02
  1.2958058E-02
  3.8364313E-03
  1.0000000E-10
  1.0000000E-10
 -0.1039544    
 -0.3158332    
 -0.5077885    
 -0.6461044    
 -0.7210199    
 -0.7440148    
 -0.7330068    
 -0.7024032    
 -0.6606346    
 -0.6112859    
 -0.5560535    
 -0.4954923    
 -0.4312941    
 -0.3661002    
 -0.3035803    
 -0.2486981    
 -0.2034920    
 -0.1655875    
 -0.1312828    
 -9.7759686E-02
 -6.4067394E-02
 -2.9706962E-02
  5.5143405E-03
  4.1248545E-02
  7.7657200E-02
  0.1137164    
  0.1493699    
  0.1830966    
  0.2129301    
  0.2371594    
  0.2546623    
  0.2649938    
  0.2682936    
  0.2651347    
  0.2563852    
  0.2428863    
  0.2258476    
  0.2063947    
  0.1854723    
  0.1634294    
  0.1412662    
  0.1195522    
  9.8960690E-02
  7.9882257E-02
  6.2207792E-02
  4.5291644E-02
  2.8131874E-02
  1.0092739E-02
  1.0000000E-10
  1.0000000E-10
 -0.1225773    
 -0.3564603    
 -0.5518000    
 -0.6797370    
 -0.7401285    
 -0.7510787    
 -0.7325495    
 -0.6981394    
 -0.6547519    
 -0.6047120    
 -0.5491930    
 -0.4883814    
 -0.4240872    
 -0.3590415    
 -0.2970411    
 -0.2434933    
 -0.2001622    
 -0.1638956    
 -0.1306421    
 -9.7552888E-02
 -6.3831441E-02
 -2.9525952E-02
  6.2582716E-03
  4.2404354E-02
  7.8407027E-02
  0.1135856    
  0.1480333    
  0.1804945    
  0.2092472    
  0.2327358    
  0.2499152    
  0.2603605    
  0.2641892    
  0.2619061    
  0.2543116    
  0.2422606    
  0.2268450    
  0.2091164    
  0.1899312    
  0.1698100    
  0.1495540    
  0.1297415    
  0.1107508    
  9.2527717E-02
  7.4516796E-02
  5.5823766E-02
  3.5517786E-02
  1.2920748E-02
  1.0000000E-10
  1.0000000E-10
 -0.1427833    
 -0.3969953    
 -0.5913669    
 -0.7057375    
 -0.7507895    
 -0.7504940    
 -0.7257190    
 -0.6885353    
 -0.6441954    
 -0.5938695    
 -0.5384575    
 -0.4777780    
 -0.4137798    
 -0.3491256    
 -0.2874422    
 -0.2345704    
 -0.1922192    
 -0.1567703    
 -0.1241757    
 -9.1431700E-02
 -5.7503719E-02
 -2.2502583E-02
  1.2676800E-02
  4.7382526E-02
  8.1776924E-02
  0.1155158    
  0.1477662    
  0.1777505    
  0.2041367    
  0.2256401    
  0.2413731    
  0.2509626    
  0.2544833    
  0.2522436    
  0.2450352    
  0.2337982    
  0.2194782    
  0.2030229    
  0.1852357    
  0.1667091    
  0.1480708    
  0.1297064    
  0.1116896    
  9.3724094E-02
  7.5255714E-02
  5.5712972E-02
  3.4734517E-02
  1.2263600E-02
  1.0000000E-10
  1.0000000E-10
 -0.1640921    
 -0.4352052    
 -0.6233712    
 -0.7212533    
 -0.7508070    
 -0.7405912    
 -0.7111031    
 -0.6722735    
 -0.6277694    
 -0.5777395    
 -0.5230935    
 -0.4631584    
 -0.4000137    
 -0.3360060    
 -0.2740507    
 -0.2205399    
 -0.1776942    
 -0.1427170    
 -0.1108624    
 -7.8639813E-02
 -4.5055941E-02
 -1.0636409E-02
  2.3088275E-02
  5.5727679E-02
  8.7864727E-02
  0.1190713    
  0.1479931    
  0.1742191    
  0.1968329    
  0.2149057    
  0.2277923    
  0.2352333    
  0.2373223    
  0.2344269    
  0.2272126    
  0.2163839    
  0.2024729    
  0.1869852    
  0.1705311    
  0.1535733    
  0.1365456    
  0.1196031    
  0.1026443    
  8.5390493E-02
  6.7549333E-02
  4.8977222E-02
  2.9753225E-02
  1.0139547E-02
  1.0000000E-10
  1.0000000E-10
 -0.1857775    
 -0.4678849    
 -0.6437511    
 -0.7226868    
 -0.7372990    
 -0.7189468    
 -0.6864486    
 -0.6471548    
 -0.6034428    
 -0.5545079    
 -0.5016339    
 -0.4433411    
 -0.3819240    
 -0.3192927    
 -0.2581116    
 -0.2027012    
 -0.1566447    
 -0.1199719    
 -8.8842042E-02
 -5.8776066E-02
 -2.7608324E-02
  4.1129803E-03
  3.4933928E-02
  6.4250223E-02
  9.2951834E-02
  0.1200052    
  0.1440478    
  0.1649660    
  0.1822732    
  0.1954448    
  0.2041352    
  0.2082580    
  0.2079793    
  0.2036790    
  0.1959055    
  0.1852435    
  0.1722731    
  0.1576475    
  0.1420185    
  0.1264808    
  0.1107790    
  9.4923146E-02
  7.8846909E-02
  6.2558167E-02
  4.6322498E-02
  3.0751659E-02
  1.6691633E-02
  4.8676771E-03
  1.0000000E-10
  1.0000000E-10
 -0.2060535    
 -0.4895980    
 -0.6464464    
 -0.7047472    
 -0.7057407    
 -0.6813751    
 -0.6476167    
 -0.6090092    
 -0.5672511    
 -0.5204203    
 -0.4709717    
 -0.4175491    
 -0.3606308    
 -0.3011551    
 -0.2408694    
 -0.1826171    
 -0.1300957    
 -8.6442187E-02
 -5.1702190E-02
 -2.2160470E-02
  5.6374329E-03
  3.2218371E-02
  5.7436004E-02
  8.1635937E-02
  0.1048579    
  0.1257933    
  0.1433161    
  0.1575303    
  0.1683302    
  0.1755752    
  0.1792165    
  0.1793460    
  0.1761934    
  0.1700985    
  0.1614671    
  0.1507151    
  0.1382532    
  0.1244535    
  0.1095773    
  9.5998794E-02
  8.2780294E-02
  7.0484430E-02
  5.9556097E-02
  5.0040957E-02
  4.1547555E-02
  3.3113677E-02
  2.3098791E-02
  9.5726149E-03
  1.0000000E-10
  1.0000000E-10
 -0.2195852    
 -0.4902486    
 -0.6215270    
 -0.6586911    
 -0.6480491    
 -0.6197653    
 -0.5862168    
 -0.5490483    
 -0.5108833    
 -0.4697463    
 -0.4255836    
 -0.3785766    
 -0.3292431    
 -0.2783864    
 -0.2271156    
 -0.1767911    
 -0.1287112    
 -8.3729163E-02
 -4.2478126E-02
 -5.8605256E-03
  2.4086678E-02
  4.8165992E-02
  6.8586439E-02
  8.5882001E-02
  0.1001507    
  0.1107297    
  0.1172954    
  0.1202420    
  0.1198959    
  0.1165841    
  0.1106934    
  0.1026832    
  9.3068406E-02
  8.2390621E-02
  7.1183793E-02
  5.9946090E-02
  4.9132295E-02
  3.9133199E-02
  3.0184636E-02
  2.3617478E-02
  1.8193126E-02
  1.3720317E-02
  9.9754352E-03
  6.8157325E-03
  4.1426835E-03
  1.8917742E-03
  1.5279095E-04
 -6.3205755E-04
  1.0000000E-10
  1.0000000E-10
 -0.2145169    
 -0.4536473    
 -0.5544192    
 -0.5714703    
 -0.5514199    
 -0.5206178    
 -0.4883277    
 -0.4553307    
 -0.4204414    
 -0.3834907    
 -0.3444348    
 -0.3033085    
 -0.2602594    
 -0.2155463    
 -0.1695550    
 -0.1229106    
 -7.6608315E-02
 -3.2132912E-02
  7.7736685E-03
  4.0481918E-02
  6.6719554E-02
  8.7855980E-02
  0.1045001    
  0.1168512    
  0.1250444    
  0.1289876    
  0.1291475    
  0.1263117    
  0.1211944    
  0.1144413    
  0.1066317    
  9.8259918E-02
  8.9718096E-02
  8.1289902E-02
  7.3157489E-02
  6.5419652E-02
  5.8115207E-02
  5.1245380E-02
  4.4788040E-02
  3.8705584E-02
  3.2958996E-02
  2.7531495E-02
  2.2435747E-02
  1.7699862E-02
  1.3342230E-02
  9.3687624E-03
  5.7780757E-03
  2.5658153E-03
  1.0000000E-10
  1.0000000E-10
 -0.1778495    
 -0.3652788    
 -0.4332479    
 -0.4327129    
 -0.4052427    
 -0.3748508    
 -0.3442268    
 -0.3125575    
 -0.2797929    
 -0.2458409    
 -0.2105222    
 -0.1737528    
 -0.1356049    
 -9.6375167E-02
 -5.6566216E-02
 -1.7716294E-02
  1.8517783E-02
  5.1378991E-02
  8.1201121E-02
  0.1086134    
  0.1332191    
  0.1543392    
  0.1715398    
  0.1846408    
  0.1936114    
  0.1982023    
  0.1988296    
  0.1962324    
  0.1909675    
  0.1834808    
  0.1741723    
  0.1634298    
  0.1516428    
  0.1391970    
  0.1264542    
  0.1137339    
  0.1013008    
  8.9359201E-02
  7.8052774E-02
  6.7459129E-02
  5.7585981E-02
  4.8411243E-02
  3.9885540E-02
  3.1946424E-02
  2.4539789E-02
  1.7622873E-02
  1.1159907E-02
  5.1063886E-03
  1.0000000E-10
  1.0000000E-10
 -0.1123752    
 -0.2284294    
 -0.2625508    
 -0.2489448    
 -0.2204826    
 -0.1918253    
 -0.1620855    
 -0.1314834    
 -0.1002130    
 -6.9508933E-02
 -3.9722312E-02
 -1.1556209E-02
  1.5326655E-02
  4.1053545E-02
  6.5560423E-02
  8.9413345E-02
  0.1131410    
  0.1364063    
  0.1584611    
  0.1784677    
  0.1955788    
  0.2090457    
  0.2182391    
  0.2226428    
  0.2218275    
  0.2158999    
  0.2061455    
  0.1937360    
  0.1796544    
  0.1647241    
  0.1496260    
  0.1348853    
  0.1208772    
  0.1078502    
  9.5905721E-02
  8.5044913E-02
  7.5193040E-02
  6.6240139E-02
  5.8064349E-02
  5.0545979E-02
  4.3577876E-02
  3.7069678E-02
  3.0947728E-02
  2.5152434E-02
  1.9630808E-02
  1.4327505E-02
  9.1930255E-03
  4.2244368E-03
  1.0000000E-10
  1.0000000E-10
 -2.4589388E-02
 -3.8642343E-02
 -1.9474171E-02
  1.2208796E-02
  3.3441406E-02
  4.9734607E-02
  6.4161099E-02
  7.7491783E-02
  9.0118133E-02
  0.1033341    
  0.1174327    
  0.1330360    
  0.1496493    
  0.1668784    
  0.1843591    
  0.2016898    
  0.2183786    
  0.2338656    
  0.2475760    
  0.2588951    
  0.2671609    
  0.2717388    
  0.2720982    
  0.2678382    
  0.2586034    
  0.2450841    
  0.2292066    
  0.2122741    
  0.1952811    
  0.1789328    
  0.1636577    
  0.1495758    
  0.1365791    
  0.1245565    
  0.1134380    
  0.1031087    
  9.3453176E-02
  8.4332965E-02
  7.5617589E-02
  6.7193806E-02
  5.8982607E-02
  5.0939206E-02
  4.3044705E-02
  3.5302989E-02
  2.7737221E-02
  2.0354323E-02
  1.3143154E-02
  6.1059496E-03
  1.0000000E-10
  1.0000000E-10
  6.9356337E-02
  0.1532140    
  0.1918117    
  0.2053378    
  0.2116338    
  0.2177232    
  0.2245588    
  0.2322202    
  0.2407260    
  0.2500484    
  0.2600315    
  0.2704583    
  0.2810226    
  0.2914200    
  0.3013427    
  0.3104641    
  0.3183992    
  0.3246835    
  0.3287896    
  0.3301468    
  0.3281687    
  0.3223157    
  0.3121839    
  0.2975274    
  0.2780350    
  0.2549806    
  0.2308539    
  0.2067511    
  0.1832681    
  0.1606488    
  0.1391264    
  0.1190545    
  0.1006234    
  8.5420571E-02
  7.2985023E-02
  6.3448481E-02
  5.5985909E-02
  4.9997803E-02
  4.5084141E-02
  4.0845927E-02
  3.7058093E-02
  3.3606924E-02
  3.0530024E-02
  2.8207969E-02
  2.6934125E-02
  2.5976093E-02
  2.3933886E-02
  1.4795175E-02
  1.0000000E-10
  1.0000000E-10
  0.1337700    
  0.2795757    
  0.3427126    
  0.3623046    
  0.3678381    
  0.3712668    
  0.3749888    
  0.3789416    
  0.3830740    
  0.3872982    
  0.3914768    
  0.3954276    
  0.3989091    
  0.4016329    
  0.4032601    
  0.4033977    
  0.4015917    
  0.3973224    
  0.3900058    
  0.3789988    
  0.3636131    
  0.3431470    
  0.3169284    
  0.2842685    
  0.2441387    
  0.1983950    
  0.1506899    
  0.1022067    
  5.4211646E-02
  8.7264674E-03
 -3.0907378E-02
 -6.2739648E-02
 -8.5312732E-02
 -0.1022943    
 -0.1139423    
 -0.1230187    
 -0.1296321    
 -0.1339075    
 -0.1357026    
 -0.1358798    
 -0.1346686    
 -0.1322691    
 -0.1291431    
 -0.1257009    
 -0.1212928    
 -0.1117479    
 -8.8036127E-02
 -3.9575346E-02
  1.0000000E-10
  1.0000000E-10
  0.1813228    
  0.3792836    
  0.4659254    
  0.4928780    
  0.4984480    
  0.4998036    
  0.5008672    
  0.5016457    
  0.5020484    
  0.5019225    
  0.5010784    
  0.4992887    
  0.4962824    
  0.4917432    
  0.4853011    
  0.4765255    
  0.4649197    
  0.4499199    
  0.4308966    
  0.4071621    
  0.3779862    
  0.3426246    
  0.3003522    
  0.2504641    
  0.1922549    
  0.1301072    
  7.1012042E-02
  1.8450040E-02
 -2.3648359E-02
 -5.4273855E-02
 -7.8086011E-02
 -9.8363236E-02
 -0.1158863    
 -0.1307477    
 -0.1426753    
 -0.1513132    
 -0.1561923    
 -0.1569462    
 -0.1533145    
 -0.1458694    
 -0.1347927    
 -0.1194232    
 -9.9500105E-02
 -7.5477205E-02
 -4.9267288E-02
 -2.4670552E-02
 -6.5433551E-03
  1.3187582E-03
  1.0000000E-10
  1.0000000E-10
  0.2127406    
  0.4530761    
  0.5623048    
  0.5978882    
  0.6047486    
  0.6046823    
  0.6035430    
  0.6016238    
  0.5987504    
  0.5947214    
  0.5893028    
  0.5822266    
  0.5731866    
  0.5618346    
  0.5477739    
  0.5305527    
  0.5096618    
  0.4845352    
  0.4545589    
  0.4190951    
  0.3775276    
  0.3293444    
  0.2742638    
  0.2124634    
  0.1451265    
  8.0236331E-02
  2.5940072E-02
 -1.7913407E-02
 -5.5229817E-02
 -8.9357167E-02
 -0.1206255    
 -0.1477688    
 -0.1700971    
 -0.1874997    
 -0.2000868    
 -0.2080026    
 -0.2113895    
 -0.2104180    
 -0.2051606    
 -0.1960179    
 -0.1835893    
 -0.1674631    
 -0.1474677    
 -0.1237685    
 -9.7118422E-02
 -6.8846717E-02
 -4.0455945E-02
 -1.3126259E-02
  1.0000000E-10
  1.0000000E-10
  0.2334438    
  0.5075245    
  0.6375879    
  0.6822780    
  0.6911401    
  0.6900013    
  0.6867660    
  0.6823168    
  0.6763465    
  0.6686208    
  0.6588715    
  0.6468046    
  0.6320969    
  0.6143918    
  0.5932948    
  0.5683702    
  0.5391430    
  0.5051095    
  0.4657646    
  0.4206603    
  0.3695166    
  0.3124107    
  0.2500543    
  0.1841346    
  0.1175251    
  5.7622772E-02
  7.0542064E-03
 -3.7889604E-02
 -7.8667849E-02
 -0.1158281    
 -0.1491559    
 -0.1780413    
 -0.2018545    
 -0.2201455    
 -0.2329937    
 -0.2404903    
 -0.2428652    
 -0.2404965    
 -0.2336186    
 -0.2232052    
 -0.2095028    
 -0.1924425    
 -0.1716739    
 -0.1467459    
 -0.1175138    
 -8.4690332E-02
 -5.0108761E-02
 -1.6223911E-02
  1.0000000E-10
  1.0000000E-10
  0.2475148    
  0.5484908    
  0.6972206    
  0.7508501    
  0.7619553    
  0.7599012    
  0.7544729    
  0.7474218    
  0.7383191    
  0.7269081    
  0.7129030    
  0.6960073    
  0.6759082    
  0.6522747    
  0.6247529    
  0.5929670    
  0.5565258    
  0.5150456    
  0.4682010    
  0.4158235    
  0.3580751    
  0.2957184    
  0.2304054    
  0.1646778    
  0.1009778    
  4.3220501E-02
 -8.6556403E-03
 -5.6221195E-02
 -9.8932616E-02
 -0.1377522    
 -0.1724006    
 -0.2022589    
 -0.2266415    
 -0.2448513    
 -0.2571854    
 -0.2637773    
 -0.2648879    
 -0.2611500    
 -0.2533096    
 -0.2419792    
 -0.2278089    
 -0.2109492    
 -0.1911852    
 -0.1678037    
 -0.1397395    
 -0.1061499    
 -6.7092076E-02
 -2.3738643E-02
  1.0000000E-10
  1.0000000E-10
  0.2582508    
  0.5811047    
  0.7460787    
  0.8078728    
  0.8210464    
  0.8179893    
  0.8101978    
  0.8002819    
  0.7878475    
  0.7725917    
  0.7542404    
  0.7325276    
  0.7071881    
  0.6779557    
  0.6445581    
  0.6067191    
  0.5641680    
  0.5166744    
  0.4641185    
  0.4066204    
  0.3447466    
  0.2797990    
  0.2139739    
  0.1497964    
  8.8382743E-02
  3.0557446E-02
 -2.3323799E-02
 -7.2186761E-02
 -0.1149678    
 -0.1540800    
 -0.1889359    
 -0.2188357    
 -0.2430445    
 -0.2604011    
 -0.2715575    
 -0.2767235    
 -0.2763731    
 -0.2711971    
 -0.2619277    
 -0.2492066    
 -0.2339044    
 -0.2163592    
 -0.1966720    
 -0.1743380    
 -0.1479816    
 -0.1156948    
 -7.5910263E-02
 -2.8226299E-02
  1.0000000E-10
  1.0000000E-10
  0.2686194    
  0.6101295    
  0.7887196    
  0.8572625    
  0.8718559    
  0.8674025    
  0.8569322    
  0.8437450    
  0.8276010    
  0.8081583    
  0.7851918    
  0.7585071    
  0.7279307    
  0.6933038    
  0.6544746    
  0.6112944    
  0.5636309    
  0.5114084    
  0.4546919    
  0.3938279    
  0.3296442    
  0.2637697    
  0.1986963    
  0.1365901    
  7.7701889E-02
  2.0044483E-02
 -3.6582571E-02
 -8.6550653E-02
 -0.1286388    
 -0.1671357    
 -0.2012512    
 -0.2300612    
 -0.2527517    
 -0.2688831    
 -0.2784660    
 -0.2818135    
 -0.2795089    
 -0.2723356    
 -0.2611147    
 -0.2464565    
 -0.2294885    
 -0.2105335    
 -0.1900034    
 -0.1679133    
 -0.1432184    
 -0.1136621    
 -7.6480478E-02
 -2.9531786E-02
  1.0000000E-10
  1.0000000E-10
  0.2813718    
  0.6400393    
  0.8294113    
  0.9026145    
  0.9174572    
  0.9109051    
  0.8971384    
  0.8801503    
  0.8597072    
  0.8355260    
  0.8074765    
  0.7754887    
  0.7395307    
  0.6995951    
  0.6556797    
  0.6077774    
  0.5558855    
  0.5000522    
  0.4404733    
  0.3776765    
  0.3127180    
  0.2471157    
  0.1833983    
  0.1217700    
  6.3102685E-02
  5.3323628E-03
 -5.0523434E-02
 -9.6757494E-02
 -0.1387414    
 -0.1765880    
 -0.2096674    
 -0.2370850    
 -0.2580691    
 -0.2721969    
 -0.2795137    
 -0.2804195    
 -0.2755777    
 -0.2658401    
 -0.2520915    
 -0.2348261    
 -0.2156408    
 -0.1945477    
 -0.1721784    
 -0.1491056    
 -0.1250950    
 -9.8453224E-02
 -6.6343032E-02
 -2.5886105E-02
  1.0000000E-10
  1.0000000E-10
  0.2991873    
  0.6750788    
  0.8721264    
  0.9472060    
  0.9605747    
  0.9508045    
  0.9329485    
  0.9113619    
  0.8857746    
  0.8560578    
  0.8222417    
  0.7844457    
  0.7428363    
  0.6975962    
  0.6488906    
  0.5968426    
  0.5415388    
  0.4831002    
  0.4218940    
  0.3584566    
  0.2932703    
  0.2281558    
  0.1660526    
  0.1045835    
  4.6077602E-02
 -1.0143713E-02
 -6.0503963E-02
 -0.1057907    
 -0.1469367    
 -0.1837505    
 -0.2154130    
 -0.2409806    
 -0.2597209    
 -0.2712982    
 -0.2758131    
 -0.2737367    
 -0.2657951    
 -0.2528948    
 -0.2360228    
 -0.2162303    
 -0.1945180    
 -0.1705155    
 -0.1454795    
 -0.1203419    
 -9.5830977E-02
 -7.1587652E-02
 -4.5959059E-02
 -1.7146509E-02
  1.0000000E-10
  1.0000000E-10
  0.3248871    
  0.7193573    
  0.9205461    
  0.9940168    
   1.003672    
  0.9890400    
  0.9661715    
  0.9388080    
  0.9069127    
  0.8705748    
  0.8300807    
  0.7858191    
  0.7382117    
  0.6876603    
  0.6344910    
  0.5789158    
  0.5210340    
  0.4609929    
  0.3987454    
  0.3348215    
  0.2710108    
  0.2067131    
  0.1469624    
  8.8515446E-02
  3.1448744E-02
 -2.1670612E-02
 -7.0201717E-02
 -0.1140789    
 -0.1538548    
 -0.1890879    
 -0.2187870    
 -0.2419580    
 -0.2579246    
 -0.2664553    
 -0.2677540    
 -0.2623819    
 -0.2511182    
 -0.2349119    
 -0.2147687    
 -0.1917431    
 -0.1668876    
 -0.1412268    
 -0.1126738    
 -8.4561050E-02
 -5.8182605E-02
 -3.4468058E-02
 -1.6241016E-02
 -4.0098079E-03
  1.0000000E-10
  1.0000000E-10
  0.3616902    
  0.7769664    
  0.9780954    
   1.045775    
   1.048699    
   1.027695    
  0.9982479    
  0.9635038    
  0.9237213    
  0.8793414    
  0.8310325    
  0.7795419    
  0.7255948    
  0.6698124    
  0.6126413    
  0.5543021    
  0.4946959    
  0.4332005    
  0.3707790    
  0.3074644    
  0.2453242    
  0.1848394    
  0.1279581    
  7.1889125E-02
  1.7233603E-02
 -3.2945618E-02
 -7.9052396E-02
 -0.1210756    
 -0.1590491    
 -0.1921975    
 -0.2193788    
 -0.2395935    
 -0.2522779    
 -0.2573577    
 -0.2551821    
 -0.2464213    
 -0.2318900    
 -0.2125582    
 -0.1893932    
 -0.1634589    
 -0.1357820    
 -0.1072664    
 -7.6473847E-02
 -4.3544184E-02
 -1.3461433E-02
  7.4209720E-03
  1.6071651E-02
  1.0492424E-02
  1.0000000E-10
  1.0000000E-10
  0.4134200    
  0.8520563    
   1.048004    
   1.104998    
   1.097778    
   1.068545    
   1.030365    
  0.9860122    
  0.9362254    
  0.8820055    
  0.8245522    
  0.7650536    
  0.7045500    
  0.6438293    
  0.5833569    
  0.5232065    
  0.4623067    
  0.4000368    
  0.3380940    
  0.2766620    
  0.2182442    
  0.1619374    
  0.1086692    
  5.5588361E-02
  3.8788419E-03
 -4.3276686E-02
 -8.6750038E-02
 -0.1265509    
 -0.1622072    
 -0.1926446    
 -0.2166353    
 -0.2332520    
 -0.2421246    
 -0.2433994    
 -0.2376172    
 -0.2255832    
 -0.2081205    
 -0.1862170    
 -0.1606909    
 -0.1326028    
 -0.1028018    
 -7.1885101E-02
 -3.5545480E-02
  2.1419383E-04
  2.9346611E-02
  4.6456903E-02
  4.5259241E-02
  2.2927584E-02
  1.0000000E-10
  1.0000000E-10
  0.4847932    
  0.9491568    
   1.134057    
   1.173139    
   1.153518    
   1.113386    
   1.063383    
   1.006309    
  0.9437304    
  0.8774859    
  0.8094610    
  0.7413159    
  0.6743357    
  0.6093347    
  0.5466037    
  0.4857869    
  0.4237327    
  0.3620162    
  0.3010183    
  0.2437474    
  0.1898243    
  0.1382733    
  8.9173332E-02
  3.9514821E-02
 -8.4270537E-03
 -5.2319847E-02
 -9.2902124E-02
 -0.1300030    
 -0.1626962    
 -0.1896728    
 -0.2097096    
 -0.2220428    
 -0.2265865    
 -0.2237599    
 -0.2143401    
 -0.1993063    
 -0.1794567    
 -0.1558777    
 -0.1290535    
 -0.1000036    
 -6.8680547E-02
 -3.0926989E-02
  7.8570256E-03
  4.1684050E-02
  6.5061279E-02
  7.2627962E-02
  6.1399840E-02
  2.8548384E-02
  1.0000000E-10
  1.0000000E-10
  0.5815488    
   1.073833    
   1.237742    
   1.253777    
   1.219002    
   1.164004    
   1.097657    
   1.023528    
  0.9445747    
  0.8638099    
  0.7838961    
  0.7068604    
  0.6340082    
  0.5659215    
  0.5024241    
  0.4420525    
  0.3796802    
  0.3186585    
  0.2614207    
  0.2092271    
  0.1605813    
  0.1143552    
  6.9728956E-02
  2.4143143E-02
 -1.9638607E-02
 -5.9933543E-02
 -9.7201534E-02
 -0.1309023    
 -0.1597643    
 -0.1823796    
 -0.1976406    
 -0.2050221    
 -0.2047952    
 -0.1976577    
 -0.1846516    
 -0.1669864    
 -0.1454219    
 -0.1212055    
 -9.3993172E-02
 -6.3948564E-02
 -2.4137644E-02
  1.2309858E-02
  4.4272460E-02
  6.8438493E-02
  8.1279591E-02
  8.0127001E-02
  6.2362410E-02
  2.6772855E-02
  1.0000000E-10
  1.0000000E-10
  0.7109362    
   1.232164    
   1.360274    
   1.352058    
   1.298037    
   1.222144    
   1.132724    
   1.035523    
  0.9357526    
  0.8379125    
  0.7452946    
  0.6598933    
  0.5825716    
  0.5132788    
  0.4510130    
  0.3920823    
  0.3305227    
  0.2715030    
  0.2200126    
  0.1738391    
  0.1311052    
  9.0491310E-02
  5.0403051E-02
  9.6222684E-03
 -2.9571012E-02
 -6.5760210E-02
 -9.9000528E-02
 -0.1283417    
 -0.1523344    
 -0.1696566    
 -0.1794191    
 -0.1813573    
 -0.1761398    
 -0.1646770    
 -0.1482978    
 -0.1283169    
 -0.1054929    
 -8.1176512E-02
 -4.9243968E-02
 -1.7345453E-02
  1.0459644E-02
  3.6376014E-02
  5.8802433E-02
  7.4030772E-02
  7.9473689E-02
  7.2687618E-02
  5.2560586E-02
  2.0753749E-02
  1.0000000E-10
  1.0000000E-10
  0.8805895    
   1.426334    
   1.509050    
   1.474747    
   1.395674    
   1.289608    
   1.166768    
   1.038154    
  0.9124112    
  0.7954671    
  0.6904830    
  0.5985059    
  0.5191897    
  0.4513327    
  0.3927629    
  0.3365162    
  0.2762979    
  0.2223393    
  0.1777905    
  0.1383393    
  0.1019161    
  6.7065783E-02
  3.1727124E-02
 -3.7423607E-03
 -3.7813015E-02
 -6.9072954E-02
 -9.7196527E-02
 -0.1209907    
 -0.1390569    
 -0.1503349    
 -0.1542184    
 -0.1506650    
 -0.1407024    
 -0.1251613    
 -0.1056228    
 -8.2917623E-02
 -5.5370189E-02
 -3.0293623E-02
 -1.4495717E-02
  1.8945931E-03
  2.1092178E-02
  4.0577523E-02
  5.6727096E-02
  6.6248722E-02
  6.6778354E-02
  5.7088092E-02
  3.8394842E-02
  1.4041341E-02
  1.0000000E-10
  1.0000000E-10
   1.103944    
   1.655661    
   1.692903    
   1.630705    
   1.519468    
   1.368880    
   1.195506    
   1.023905    
  0.8669814    
  0.7306350    
  0.6158126    
  0.5209401    
  0.4434288    
  0.3804273    
  0.3283643    
  0.2759847    
  0.2183000    
  0.1723355    
  0.1356422    
  0.1034902    
  7.3638178E-02
  4.3559689E-02
  1.4093383E-02
 -1.5406622E-02
 -4.3449502E-02
 -6.8616956E-02
 -9.0324879E-02
 -0.1074373    
 -0.1188304    
 -0.1237941    
 -0.1219625    
 -0.1134363    
 -9.9385791E-02
 -7.9289466E-02
 -5.3295966E-02
 -2.6844364E-02
 -1.7469892E-02
 -1.3166208E-02
 -5.9374394E-03
  6.2443414E-03
  2.1015864E-02
  3.5277467E-02
  4.6031803E-02
  5.0972924E-02
  4.8691135E-02
  3.9466016E-02
  2.5242899E-02
  8.6477678E-03
  1.0000000E-10
  1.0000000E-10
   1.387868    
   1.925103    
   1.922943    
   1.833769    
   1.684311    
   1.466046    
   1.209554    
  0.9798852    
  0.7889361    
  0.6369775    
  0.5183855    
  0.4266120    
  0.3559047    
  0.3016276    
  0.2586358    
  0.2098114    
  0.1586060    
  0.1230024    
  9.4983153E-02
  6.9591105E-02
  4.4999000E-02
  2.1663893E-02
 -1.1828367E-03
 -2.3709156E-02
 -4.4488173E-02
 -6.2326081E-02
 -7.6824695E-02
 -8.6834900E-02
 -9.1588274E-02
 -9.0728790E-02
 -8.3472200E-02
 -6.9597296E-02
 -4.9828529E-02
 -2.5547944E-02
 -1.1493484E-02
 -7.4265185E-03
 -8.1694713E-03
 -7.0804530E-03
 -2.3700157E-03
  6.1426763E-03
  1.6422246E-02
  2.5957130E-02
  3.2506414E-02
  3.4576930E-02
  3.1689301E-02
  2.4592519E-02
  1.4981399E-02
  4.7905655E-03
  1.0000000E-10
  1.0000000E-10
   1.734138    
   2.241617    
   2.202734    
   2.088507    
   1.903850    
   1.600279    
   1.189560    
  0.8828384    
  0.6611771    
  0.5046012    
  0.3934276    
  0.3137269    
  0.2563984    
  0.2155140    
  0.1838746    
  0.1413552    
  0.1019160    
  7.5590871E-02
  5.4575317E-02
  3.6264848E-02
  1.9632699E-02
  3.8700462E-03
 -1.1243013E-02
 -2.5537986E-02
 -3.7947141E-02
 -4.7648840E-02
 -5.4056857E-02
 -5.6628667E-02
 -5.4871723E-02
 -4.8622638E-02
 -3.8236510E-02
 -2.4732025E-02
 -1.1847518E-02
 -4.4464828E-03
 -1.4336649E-03
 -1.4390297E-03
 -3.5342542E-03
 -3.8109268E-03
 -1.3565713E-03
  3.6364871E-03
  9.8067028E-03
  1.5445757E-02
  1.9064430E-02
  1.9786132E-02
  1.7528022E-02
  1.2999631E-02
  7.4092518E-03
  2.0689280E-03
  1.0000000E-10
  1.0000000E-10
   2.153869    
   2.598757    
   2.542874    
   2.448483    
   2.296807    
   1.897707    
   1.057404    
  0.6840990    
  0.4683890    
  0.3370887    
  0.2525766    
  0.1960074    
  0.1574013    
  0.1307245    
  0.1049948    
  6.6807173E-02
  4.3128934E-02
  2.9590929E-02
  1.9327760E-02
  1.0364367E-02
  2.1366116E-03
 -5.4461844E-03
 -1.2308076E-02
 -1.8266203E-02
 -2.2789041E-02
 -2.5402967E-02
 -2.5874767E-02
 -2.4119001E-02
 -2.0235468E-02
 -1.5184616E-02
 -9.5474320E-03
 -5.1668836E-03
 -1.5148849E-03
  6.8747863E-04
  9.8103820E-04
  3.1087646E-04
 -1.1310549E-03
 -1.7405462E-03
 -1.0229229E-03
  9.8728517E-04
  3.6831708E-03
  6.2198946E-03
  7.8284340E-03
  8.0683809E-03
  6.9343392E-03
  4.8194486E-03
  2.3632722E-03
  3.5132503E-04
  1.0000000E-10
  1.0000000E-10
   2.542039    
   2.922216    
   2.853212    
   2.744528    
   2.500886    
   1.812795    
  0.7317851    
  0.3636344    
  0.1959601    
  0.1145058    
  6.9488123E-02
  4.1936491E-02
  2.4106588E-02
  1.2150770E-02
  2.2037867E-03
 -3.2800981E-03
 -2.6350536E-03
 -2.2556479E-03
 -2.9818211E-03
 -4.1215708E-03
 -5.2659912E-03
 -6.1899344E-03
 -6.7852847E-03
 -7.0290244E-03
 -6.8059582E-03
 -5.8824588E-03
 -4.3372791E-03
 -2.5799456E-03
 -8.3999103E-04
  4.4798406E-04
  8.3162315E-04
  6.9889385E-04
  6.9448521E-04
  8.4194681E-04
  7.1533042E-04
  4.3956848E-04
 -3.4353776E-05
 -3.9137204E-04
 -5.0882052E-04
 -3.1642575E-04
  1.1627916E-04
  6.1707984E-04
  9.8451413E-04
  1.0785401E-03
  8.6883135E-04
  4.3021573E-04
 -8.1109327E-05
 -3.4838502E-04
  1.0000000E-10
  1.0000000E-10
   3.076941    
   3.076941    
   3.076941    
   3.076941    
   3.076941    
   3.076941    
  1.0000000E-10
  1.0000000E-10
  1.0000000E-10
  1.0000000E-10
  1.0000000E-10
  1.0000000E-10
  1.0000000E-10
  1.0000000E-10
  1.0000000E-10
  1.0000000E-10
  1.0000000E-10
  1.0000000E-10
  1.0000000E-10
  1.0000000E-10
  1.0000000E-10
  1.0000000E-10
  1.0000000E-10
  1.0000000E-10
  1.0000000E-10
  1.0000000E-10
  1.0000000E-10
  1.0000000E-10
  1.0000000E-10
  1.0000000E-10
  1.0000000E-10
  1.0000000E-10
  1.0000000E-10
  1.0000000E-10
  1.0000000E-10
  1.0000000E-10
  1.0000000E-10
  1.0000000E-10
  1.0000000E-10
  1.0000000E-10
  1.0000000E-10
  1.0000000E-10
  1.0000000E-10
  1.0000000E-10
  1.0000000E-10
  1.0000000E-10
  1.0000000E-10
  1.0000000E-10
  1.0000000E-10
