  1.0000000E-10
  1.0000000E-10
  1.0000000E-10
  1.0000000E-10
  1.0000000E-10
  1.0000000E-10
  1.0000000E-10
  1.0000000E-10
  1.0000000E-10
  1.0000000E-10
  1.0000000E-10
  1.0000000E-10
  1.0000000E-10
  1.0000000E-10
  1.0000000E-10
  1.0000000E-10
  1.0000000E-10
  1.0000000E-10
  1.0000000E-10
  1.0000000E-10
  1.0000000E-10
  1.0000000E-10
  1.0000000E-10
  1.0000000E-10
  1.0000000E-10
  1.0000000E-10
  1.0000000E-10
  1.0000000E-10
  1.0000000E-10
  1.0000000E-10
  1.0000000E-10
  1.0000000E-10
  1.0000000E-10
  1.0000000E-10
  1.0000000E-10
  1.0000000E-10
  1.0000000E-10
  1.0000000E-10
  1.0000000E-10
  1.0000000E-10
  1.0000000E-10
  1.0000000E-10
  1.0000000E-10
  1.0000000E-10
  1.0000000E-10
  1.0000000E-10
  1.0000000E-10
  1.0000000E-10
  1.0000000E-10
  1.0000000E-10
  1.0000000E-10
 -0.1431872    
 -0.2362130    
 -0.2904756    
 -0.3409028    
 -0.4349814    
 -0.5859051    
 -0.5396759    
 -0.2795005    
 -0.1198119    
  8.5172933E-03
  9.0445697E-02
  0.1467817    
  0.1893375    
  0.2195090    
  0.2382207    
  0.2464742    
  0.2452928    
  0.2357896    
  0.2192089    
  0.1968577    
  0.1700081    
  0.1398511    
  0.1077252    
  7.4905366E-02
  4.3860503E-02
  1.7435763E-02
 -4.1192339E-04
 -1.1600513E-02
 -1.6617352E-02
 -1.8349100E-02
 -1.7833347E-02
 -1.6011665E-02
 -1.4075092E-02
 -1.3061169E-02
 -1.3379201E-02
 -1.4584876E-02
 -1.5846942E-02
 -1.6468415E-02
 -1.5987467E-02
 -1.4315467E-02
 -1.1714430E-02
 -8.6511681E-03
 -5.6411647E-03
 -3.1057540E-03
 -1.2873855E-03
 -2.4282755E-04
  1.3446745E-04
  1.3617869E-04
  1.0000000E-10
  1.0000000E-10
 -5.5444401E-02
 -0.1573452    
 -0.2365952    
 -0.3016235    
 -0.3693303    
 -0.4175180    
 -0.3810647    
 -0.2577646    
 -0.1344186    
 -7.3512970E-03
  0.1044255    
  0.1921039    
  0.2672050    
  0.3294867    
  0.3790797    
  0.4162259    
  0.4410020    
  0.4533674    
  0.4532319    
  0.4404424    
  0.4147633    
  0.3759177    
  0.3239827    
  0.2594940    
  0.1877249    
  0.1173632    
  5.6960054E-02
  9.4331540E-03
 -1.7406253E-02
 -3.1449921E-02
 -3.6549732E-02
 -3.6268916E-02
 -3.4436710E-02
 -3.3607535E-02
 -3.4893636E-02
 -3.7458353E-02
 -3.9597258E-02
 -4.0022239E-02
 -3.8056653E-02
 -3.3781163E-02
 -2.7847128E-02
 -2.1159243E-02
 -1.4642730E-02
 -9.0425052E-03
 -4.7944183E-03
 -2.0054036E-03
 -5.1651389E-04
  4.0521136E-05
  1.0000000E-10
  1.0000000E-10
 -2.7680051E-02
 -0.1035418    
 -0.1776213    
 -0.2327698    
 -0.2769544    
 -0.2932367    
 -0.2615515    
 -0.1885163    
 -0.1014248    
 -8.6324383E-03
  8.4426977E-02
  0.1686902    
  0.2447188    
  0.3131785    
  0.3733099    
  0.4241320    
  0.4651171    
  0.4958702    
  0.5158281    
  0.5241081    
  0.5193961    
  0.4998665    
  0.4633873    
  0.4075013    
  0.3344217    
  0.2517178    
  0.1672205    
  8.9395128E-02
  2.5306739E-02
 -1.5287697E-02
 -3.6140081E-02
 -4.3865014E-02
 -4.6168081E-02
 -4.7343489E-02
 -4.9829539E-02
 -5.3235110E-02
 -5.5642810E-02
 -5.5696744E-02
 -5.2759230E-02
 -4.7042020E-02
 -3.9317716E-02
 -3.0587899E-02
 -2.1902807E-02
 -1.4179863E-02
 -8.0365390E-03
 -3.7147149E-03
 -1.1467738E-03
 -1.9412018E-05
  1.0000000E-10
  1.0000000E-10
 -1.5993003E-02
 -6.7344725E-02
 -0.1273785    
 -0.1711249    
 -0.1987014    
 -0.2032573    
 -0.1788981    
 -0.1301173    
 -6.5779619E-02
  3.0356406E-03
  7.9049423E-02
  0.1519035    
  0.2201397    
  0.2825902    
  0.3385157    
  0.3885922    
  0.4326454    
  0.4692739    
  0.4981894    
  0.5187935    
  0.5299210    
  0.5296065    
  0.5150359    
  0.4825372    
  0.4317131    
  0.3668137    
  0.2920185    
  0.2119229    
  0.1303684    
  5.1528104E-02
 -6.3806605E-03
 -3.3317667E-02
 -4.6143804E-02
 -5.2081797E-02
 -5.6374636E-02
 -6.0742371E-02
 -6.3767314E-02
 -6.4279713E-02
 -6.1600246E-02
 -5.5898350E-02
 -4.7809880E-02
 -3.8235821E-02
 -2.8233251E-02
 -1.8879866E-02
 -1.1065220E-02
 -5.2960110E-03
 -1.6982768E-03
 -4.7547954E-05
  1.0000000E-10
  1.0000000E-10
 -8.9712925E-03
 -4.2372163E-02
 -8.3666764E-02
 -0.1174626    
 -0.1351717    
 -0.1352063    
 -0.1161993    
 -8.0897488E-02
 -3.2821860E-02
  1.9772431E-02
  8.0583125E-02
  0.1413340    
  0.2006297    
  0.2561552    
  0.3066317    
  0.3516295    
  0.3914149    
  0.4270001    
  0.4568412    
  0.4809228    
  0.4988001    
  0.5092601    
  0.5099547    
  0.4965428    
  0.4666096    
  0.4221134    
  0.3660337    
  0.3018664    
  0.2328851    
  0.1608655    
  8.7943353E-02
  1.1831243E-02
 -2.6151951E-02
 -4.4325728E-02
 -5.2918930E-02
 -5.9307653E-02
 -6.3914001E-02
 -6.6022806E-02
 -6.4999849E-02
 -6.0749788E-02
 -5.3674713E-02
 -4.4441488E-02
 -3.4022667E-02
 -2.3561535E-02
 -1.4253651E-02
 -7.0162355E-03
 -2.3113540E-03
 -8.4758729E-05
  1.0000000E-10
  1.0000000E-10
 -4.9290815E-03
 -2.5320562E-02
 -5.1440194E-02
 -7.2881177E-02
 -8.3713405E-02
 -8.1368089E-02
 -6.5902837E-02
 -3.9055679E-02
 -3.3369609E-03
  3.7629422E-02
  8.5413657E-02
  0.1348907    
  0.1847316    
  0.2324212    
  0.2765595    
  0.3164349    
  0.3517625    
  0.3828492    
  0.4107769    
  0.4342973    
  0.4535734    
  0.4682170    
  0.4768790    
  0.4761985    
  0.4626477    
  0.4359929    
  0.3977767    
  0.3502589    
  0.2958167    
  0.2365418    
  0.1747234    
  0.1106510    
  4.1050754E-02
 -1.4410169E-02
 -3.5764433E-02
 -4.7402643E-02
 -5.5045404E-02
 -5.9917521E-02
 -6.1599601E-02
 -5.9990428E-02
 -5.5190273E-02
 -4.7636870E-02
 -3.8218018E-02
 -2.7803617E-02
 -1.7605891E-02
 -9.0201730E-03
 -3.0964881E-03
 -1.6516114E-04
  1.0000000E-10
  1.0000000E-10
 -2.6266703E-03
 -1.3967962E-02
 -2.8464755E-02
 -3.9344881E-02
 -4.3066189E-02
 -3.8404215E-02
 -2.5254034E-02
 -4.3531796E-03
  2.2718925E-02
  5.4424752E-02
  9.1114536E-02
  0.1306269    
  0.1711904    
  0.2107886    
  0.2480779    
  0.2822269    
  0.3128578    
  0.3398547    
  0.3641467    
  0.3857914    
  0.4043339    
  0.4198979    
  0.4321733    
  0.4389032    
  0.4366091    
  0.4236718    
  0.4004166    
  0.3679496    
  0.3277435    
  0.2815175    
  0.2312027    
  0.1783819    
  0.1229081    
  6.7713127E-02
  1.0897081E-02
 -1.9763391E-02
 -3.4253646E-02
 -4.3389607E-02
 -4.8789594E-02
 -5.0812993E-02
 -4.9402393E-02
 -4.4798691E-02
 -3.7970126E-02
 -2.9357560E-02
 -1.9902272E-02
 -1.0910414E-02
 -4.0218644E-03
 -3.3281909E-04
  1.0000000E-10
  1.0000000E-10
 -1.3703661E-03
 -6.6165365E-03
 -1.2478357E-02
 -1.4948438E-02
 -1.2486997E-02
 -5.0805639E-03
  7.1092965E-03
  2.3819486E-02
  4.4293378E-02
  6.8526596E-02
  9.6306942E-02
  0.1269614    
  0.1588947    
  0.1906187    
  0.2209564    
  0.2490979    
  0.2746494    
  0.2975644    
  0.3178424    
  0.3371179    
  0.3541682    
  0.3692978    
  0.3828701    
  0.3935156    
  0.3983490    
  0.3951575    
  0.3834715    
  0.3635030    
  0.3359373    
  0.3019423    
  0.2630407    
  0.2208970    
  0.1764409    
  0.1314790    
  8.6719215E-02
  4.4526566E-02
  9.1581084E-03
 -1.1285760E-02
 -2.3209484E-02
 -3.0641265E-02
 -3.4267880E-02
 -3.4186579E-02
 -3.1306203E-02
 -2.6039563E-02
 -1.9055398E-02
 -1.1398701E-02
 -4.6446966E-03
 -5.6183920E-04
  1.0000000E-10
  1.0000000E-10
 -7.2036276E-04
 -1.9255244E-03
 -1.5111485E-03
  2.5551522E-03
  1.0042547E-02
  1.9910848E-02
  3.1689502E-02
  4.5332938E-02
  6.0865559E-02
  7.8969352E-02
  9.9661827E-02
  0.1226660    
  0.1469039    
  0.1713165    
  0.1949507    
  0.2171225    
  0.2375326    
  0.2562035    
  0.2732084    
  0.2891064    
  0.3044418    
  0.3185429    
  0.3318585    
  0.3444122    
  0.3535076    
  0.3568591    
  0.3536066    
  0.3433887    
  0.3263113    
  0.3030382    
  0.2746815    
  0.2426583    
  0.2082055    
  0.1728279    
  0.1377090    
  0.1038773    
  7.3652998E-02
  4.3664552E-02
  1.9604757E-02
  3.5539865E-03
 -7.6634758E-03
 -1.4389158E-02
 -1.7058695E-02
 -1.6700173E-02
 -1.3822570E-02
 -9.2306994E-03
 -4.2551728E-03
 -7.3781289E-04
  1.0000000E-10
  1.0000000E-10
 -3.5184456E-04
  1.2071489E-03
  6.1424631E-03
  1.5013195E-02
  2.6164548E-02
  3.7770130E-02
  4.9131956E-02
  6.0356248E-02
  7.2166376E-02
  8.5287914E-02
  0.1002797    
  0.1168813    
  0.1344921    
  0.1523816    
  0.1698369    
  0.1863645    
  0.2018408    
  0.2164090    
  0.2302664    
  0.2432505    
  0.2567294    
  0.2694407    
  0.2817652    
  0.2946399    
  0.3058014    
  0.3131112    
  0.3155656    
  0.3124842    
  0.3035901    
  0.2891508    
  0.2699056    
  0.2469460    
  0.2214190    
  0.1945802    
  0.1675825    
  0.1412444    
  0.1167299    
  9.3774684E-02
  7.1982808E-02
  4.8503976E-02
  3.0075278E-02
  1.4698623E-02
  4.7532767E-03
 -1.2236466E-03
 -3.9338735E-03
 -4.0134261E-03
 -2.4337086E-03
 -6.7624269E-04
  1.0000000E-10
  1.0000000E-10
 -9.1692047E-05
  3.4681296E-03
  1.1647860E-02
  2.3791267E-02
  3.7194047E-02
  4.9586002E-02
  6.0205247E-02
  6.9364578E-02
  7.8146078E-02
  8.7405056E-02
  9.7745635E-02
  0.1091212    
  0.1211872    
  0.1334586    
  0.1454529    
  0.1568997    
  0.1679091    
  0.1788007    
  0.1898111    
  0.2007042    
  0.2121597    
  0.2232979    
  0.2341772    
  0.2461856    
  0.2577050    
  0.2668772    
  0.2727223    
  0.2744238    
  0.2714743    
  0.2638507    
  0.2519744    
  0.2366096    
  0.2186598    
  0.1990983    
  0.1788465    
  0.1585761    
  0.1389734    
  0.1202090    
  0.1022754    
  8.4604017E-02
  6.4768583E-02
  4.6515867E-02
  3.0052457E-02
  1.7736413E-02
  9.0165287E-03
  3.4705214E-03
  6.3236844E-04
 -2.7283817E-04
  1.0000000E-10
  1.0000000E-10
  1.3478821E-04
  5.2057584E-03
  1.5657406E-02
  2.9753864E-02
  4.4099614E-02
  5.6316551E-02
  6.5766513E-02
  7.3006086E-02
  7.9226024E-02
  8.5393257E-02
  9.2027210E-02
  9.9214666E-02
  0.1067543    
  0.1143435    
  0.1217077    
  0.1288062    
  0.1360088    
  0.1438146    
  0.1524254    
  0.1616112    
  0.1705511    
  0.1803558    
  0.1895563    
  0.1999545    
  0.2106044    
  0.2200074    
  0.2273414    
  0.2317967    
  0.2327518    
  0.2299881    
  0.2236717    
  0.2142704    
  0.2024097    
  0.1887777    
  0.1740352    
  0.1586841    
  0.1431661    
  0.1277119    
  0.1124287    
  9.7290546E-02
  8.2027942E-02
  6.4839132E-02
  4.8755158E-02
  3.3517405E-02
  2.0598855E-02
  1.0576978E-02
  3.7381840E-03
  2.2992364E-04
  1.0000000E-10
  1.0000000E-10
  3.5858143E-04
  6.5739835E-03
  1.8490871E-02
  3.3410572E-02
  4.7577992E-02
  5.8787759E-02
  6.6678084E-02
  7.2012290E-02
  7.6028496E-02
  7.9655178E-02
  8.3350629E-02
  8.7221861E-02
  9.1144934E-02
  9.4953798E-02
  9.8554969E-02
  0.1021206    
  0.1062654    
  0.1116216    
  0.1183188    
  0.1259919    
  0.1335696    
  0.1416028    
  0.1486751    
  0.1566371    
  0.1652845    
  0.1735409    
  0.1807882    
  0.1862920    
  0.1893863    
  0.1897298    
  0.1872943    
  0.1822994    
  0.1751115    
  0.1661624    
  0.1558822    
  0.1446177    
  0.1326670    
  0.1202352    
  0.1074736    
  9.4467044E-02
  8.1614465E-02
  6.7756146E-02
  5.3736646E-02
  3.9582368E-02
  2.6076028E-02
  1.4288042E-02
  5.4457607E-03
  5.2475318E-04
  1.0000000E-10
  1.0000000E-10
  5.8626314E-04
  7.6231118E-03
  2.0290542E-02
  3.5072941E-02
  4.8155960E-02
  5.7716280E-02
  6.3752338E-02
  6.7204624E-02
  6.9251269E-02
  7.0754163E-02
  7.2091326E-02
  7.3337466E-02
  7.4417390E-02
  7.5263575E-02
  7.5930402E-02
  7.6757461E-02
  7.8527719E-02
  8.1898853E-02
  8.6860828E-02
  9.2904419E-02
  9.8849870E-02
  0.1050752    
  0.1099854    
  0.1152617    
  0.1212849    
  0.1274569    
  0.1334541    
  0.1386947    
  0.1425302    
  0.1445617    
  0.1446265    
  0.1427476    
  0.1390731    
  0.1338190    
  0.1272251    
  0.1195063    
  0.1108602    
  0.1014462    
  9.1391928E-02
  8.0943249E-02
  7.0380569E-02
  5.9396025E-02
  4.8001669E-02
  3.6204282E-02
  2.4393756E-02
  1.3615238E-02
  5.2725980E-03
  5.4564251E-04
  1.0000000E-10
  1.0000000E-10
  8.1285951E-04
  8.3605824E-03
  2.1126440E-02
  3.4962464E-02
  4.6259772E-02
  5.3713780E-02
  5.7707325E-02
  5.9313346E-02
  5.9609000E-02
  5.9286516E-02
  5.8658514E-02
  5.7787053E-02
  5.6645960E-02
  5.5223953E-02
  5.3673785E-02
  5.2415118E-02
  5.2256327E-02
  5.3751606E-02
  5.6745112E-02
  6.0676180E-02
  6.4441435E-02
  6.8466268E-02
  7.1127675E-02
  7.3744573E-02
  7.7025779E-02
  8.0669120E-02
  8.4733903E-02
  8.8878989E-02
  9.2534110E-02
  9.5305026E-02
  9.6942745E-02
  9.7318038E-02
  9.6398585E-02
  9.4220877E-02
  9.0862438E-02
  8.6433738E-02
  8.1070848E-02
  7.4877508E-02
  6.8029486E-02
  6.0488641E-02
  5.2820209E-02
  4.4750817E-02
  3.6245216E-02
  2.7357021E-02
  1.8461650E-02
  1.0302877E-02
  3.9552473E-03
  3.9036313E-04
  1.0000000E-10
  1.0000000E-10
  1.0314651E-03
  8.7873181E-03
  2.1053875E-02
  3.3269178E-02
  4.2255063E-02
  4.7296990E-02
  4.9136467E-02
  4.8910018E-02
  4.7580939E-02
  4.5648359E-02
  4.3346789E-02
  4.0741459E-02
  3.7834000E-02
  3.4664623E-02
  3.1426374E-02
  2.8473124E-02
  2.6451699E-02
  2.5745457E-02
  2.6169950E-02
  2.7240744E-02
  2.8122842E-02
  2.8906113E-02
  2.9325495E-02
  2.9375531E-02
  3.0177899E-02
  3.1173972E-02
  3.3074494E-02
  3.5852648E-02
  3.9024610E-02
  4.2226784E-02
  4.5133866E-02
  4.7480315E-02
  4.9076576E-02
  4.9811177E-02
  4.9642026E-02
  4.8564628E-02
  4.6653003E-02
  4.3967236E-02
  4.0659305E-02
  3.6667269E-02
  3.2198492E-02
  2.7228605E-02
  2.1861240E-02
  1.6289834E-02
  1.0825329E-02
  5.9237950E-03
  2.2219655E-03
  1.8743395E-04
  1.0000000E-10
  1.0000000E-10
  1.2405252E-03
  8.9114755E-03
  2.0124517E-02
  3.0151855E-02
  3.6431931E-02
  3.8856611E-02
  3.8463440E-02
  3.6373202E-02
  3.3416595E-02
  2.9935027E-02
  2.6120845E-02
  2.2013009E-02
  1.7634949E-02
  1.3058548E-02
  8.4282272E-03
  3.8487483E-03
 -3.5769318E-04
 -3.9141783E-03
 -6.8039233E-03
 -9.3055619E-03
 -1.1912761E-02
 -1.4514856E-02
 -1.7259331E-02
 -2.0256499E-02
 -2.1777852E-02
 -2.3346074E-02
 -2.3315720E-02
 -2.1550283E-02
 -1.8462142E-02
 -1.4418543E-02
 -9.8617515E-03
 -5.2103018E-03
 -8.1542670E-04
  3.0910668E-03
  6.3948310E-03
  8.9843245E-03
  1.0821829E-02
  1.1898457E-02
  1.2286795E-02
  1.1946112E-02
  1.0976262E-02
  9.4377417E-03
  7.4836742E-03
  5.3456007E-03
  3.3052706E-03
  1.6331502E-03
  5.2238221E-04
  3.4443317E-06
  1.0000000E-10
  1.0000000E-10
  1.4491498E-03
  8.7368777E-03
  1.8347654E-02
  2.5675680E-02
  2.8920615E-02
  2.8548663E-02
  2.5808293E-02
  2.1728877E-02
  1.7008692E-02
  1.1850097E-02
  6.4510521E-03
  8.4984727E-04
 -4.8773186E-03
 -1.0683676E-02
 -1.6548382E-02
 -2.2772938E-02
 -2.9587341E-02
 -3.6781739E-02
 -4.3812994E-02
 -5.0561782E-02
 -5.7276167E-02
 -6.4475164E-02
 -7.0487320E-02
 -7.6814525E-02
 -8.0777295E-02
 -8.4062107E-02
 -8.4969193E-02
 -8.3280690E-02
 -7.9334974E-02
 -7.3562033E-02
 -6.6532977E-02
 -5.8817666E-02
 -5.0933294E-02
 -4.3151625E-02
 -3.5939150E-02
 -2.9400367E-02
 -2.3602769E-02
 -1.8571766E-02
 -1.4326852E-02
 -1.0909226E-02
 -8.2571004E-03
 -6.2764627E-03
 -4.7984309E-03
 -3.6222350E-03
 -2.5755505E-03
 -1.5798729E-03
 -6.9840800E-04
 -1.1710032E-04
  1.0000000E-10
  1.0000000E-10
  1.6823733E-03
  8.2274228E-03
  1.5617268E-02
  1.9710148E-02
  1.9563453E-02
  1.6141333E-02
  1.0804062E-02
  4.4199051E-03
 -2.4157399E-03
 -9.6198535E-03
 -1.6910378E-02
 -2.4226997E-02
 -3.1368349E-02
 -3.8338725E-02
 -4.5250375E-02
 -5.2839212E-02
 -6.2213972E-02
 -7.3337182E-02
 -8.5212730E-02
 -9.7040094E-02
 -0.1086608    
 -0.1206708    
 -0.1309415    
 -0.1397864    
 -0.1459413    
 -0.1498436    
 -0.1503703    
 -0.1474013    
 -0.1413218    
 -0.1326797    
 -0.1221770    
 -0.1105261    
 -9.8381780E-02
 -8.6252362E-02
 -7.4633919E-02
 -6.3792564E-02
 -5.3708617E-02
 -4.4747323E-02
 -3.6727462E-02
 -2.9690960E-02
 -2.3631794E-02
 -1.8426379E-02
 -1.3907480E-02
 -9.9303229E-03
 -6.4323689E-03
 -3.4826538E-03
 -1.3007147E-03
 -1.1688814E-04
  1.0000000E-10
  1.0000000E-10
  1.9692816E-03
  7.2196876E-03
  1.1580432E-02
  1.1770568E-02
  7.7368091E-03
  8.1791863E-04
 -7.6175202E-03
 -1.6926238E-02
 -2.6539981E-02
 -3.6485568E-02
 -4.6268813E-02
 -5.5803221E-02
 -6.4570814E-02
 -7.2653838E-02
 -8.0295019E-02
 -8.8615946E-02
 -9.9504396E-02
 -0.1138130    
 -0.1304696    
 -0.1477691    
 -0.1648802    
 -0.1810773    
 -0.1952380    
 -0.2057423    
 -0.2132731    
 -0.2167507    
 -0.2156637    
 -0.2101318    
 -0.2007099    
 -0.1881175    
 -0.1732077    
 -0.1568436    
 -0.1398217    
 -0.1228114    
 -0.1063596    
 -9.0845428E-02
 -7.6496013E-02
 -6.3293628E-02
 -5.1178660E-02
 -4.0515359E-02
 -3.1064460E-02
 -2.2869378E-02
 -1.5913516E-02
 -1.0225641E-02
 -5.8567980E-03
 -2.8099599E-03
 -9.6004276E-04
 -7.4901094E-05
  1.0000000E-10
  1.0000000E-10
  2.2355581E-03
  5.2286363E-03
  5.4117166E-03
  7.7494921E-04
 -7.9091955E-03
 -1.9105723E-02
 -3.1535633E-02
 -4.4844266E-02
 -5.8315225E-02
 -7.2103471E-02
 -8.5259102E-02
 -9.7825244E-02
 -0.1092460    
 -0.1193509    
 -0.1282274    
 -0.1367540    
 -0.1469636    
 -0.1611387    
 -0.1797739    
 -0.2010852    
 -0.2221804    
 -0.2411785    
 -0.2571664    
 -0.2697627    
 -0.2778482    
 -0.2801636    
 -0.2765338    
 -0.2674313    
 -0.2536495    
 -0.2361149    
 -0.2158571    
 -0.1939082    
 -0.1712284    
 -0.1486493    
 -0.1268487    
 -0.1063601    
 -8.7627612E-02
 -7.0837729E-02
 -5.5356469E-02
 -4.2296641E-02
 -3.0552734E-02
 -2.0540550E-02
 -1.2418870E-02
 -6.2988321E-03
 -2.1702477E-03
  9.2783222E-05
  7.3786877E-04
  4.1672436E-04
  1.0000000E-10
  1.0000000E-10
  2.0964977E-03
  1.3036397E-03
 -4.2599053E-03
 -1.4976210E-02
 -2.9444924E-02
 -4.6189003E-02
 -6.4094603E-02
 -8.3204411E-02
 -0.1022586    
 -0.1216101    
 -0.1406926    
 -0.1591325    
 -0.1763199    
 -0.1916066    
 -0.2043866    
 -0.2143092    
 -0.2215659    
 -0.2271533    
 -0.2337716    
 -0.2483146    
 -0.2681536    
 -0.2875345    
 -0.3057369    
 -0.3201485    
 -0.3286272    
 -0.3296577    
 -0.3234301    
 -0.3108019    
 -0.2928466    
 -0.2707403    
 -0.2457268    
 -0.2190339    
 -0.1917982    
 -0.1650050    
 -0.1394525    
 -0.1157590    
 -9.4411552E-02
 -7.5678363E-02
 -5.9171554E-02
 -4.6115775E-02
 -3.4954529E-02
 -2.7197082E-02
 -2.0868521E-02
 -1.5355162E-02
 -1.0577396E-02
 -6.5282765E-03
 -3.8099587E-03
 -1.7403489E-03
  1.0000000E-10
  1.0000000E-10
  9.3807402E-04
 -5.4420410E-03
 -1.8501157E-02
 -3.6737513E-02
 -5.8503658E-02
 -8.2737744E-02
 -0.1084861    
 -0.1353457    
 -0.1636549    
 -0.1931459    
 -0.2235768    
 -0.2546770    
 -0.2861851    
 -0.3179052    
 -0.3497289    
 -0.3815557    
 -0.4133886    
 -0.4459834    
 -0.4786254    
 -0.5076249    
 -0.5356331    
 -0.5657312    
 -0.5978985    
 -0.6317928    
 -0.6666414    
 -0.7002123    
 -0.7309187    
 -0.7591633    
 -0.7852672    
 -0.8095088    
 -0.8320891    
 -0.8531260    
 -0.8726683    
 -0.8907197    
 -0.9072630    
 -0.9222829    
 -0.9357817    
 -0.9477842    
 -0.9582977    
 -0.9672578    
 -0.9747917    
 -0.9809275    
 -0.9859740    
 -0.9900934    
 -0.9934233    
 -0.9960901    
 -0.9980909    
 -0.9993114    
  -1.000000    
  1.0000000E-10
 -1.1071479E-03
 -1.4124786E-02
 -3.5931863E-02
 -6.3251488E-02
 -9.4777092E-02
 -0.1274806    
 -0.1623775    
 -0.1995577    
 -0.2389870    
 -0.2805614    
 -0.3240004    
 -0.3688599    
 -0.4145475    
 -0.4604056    
 -0.5058952    
 -0.5502552    
 -0.5925810    
 -0.6319533    
 -0.6687341    
 -0.7047403    
 -0.7405941    
 -0.7765625    
 -0.8125365    
 -0.8476665    
 -0.8807495    
 -0.9093890    
 -0.9324061    
 -0.9505430    
 -0.9644566    
 -0.9748520    
 -0.9824114    
 -0.9877616    
 -0.9914515    
 -0.9939424    
 -0.9956056    
 -0.9967251    
 -0.9975072    
 -0.9980928    
 -0.9985693    
 -0.9989810    
 -0.9993474    
 -0.9996706    
 -0.9999434    
  -1.000153    
  -1.000285    
  -1.000318    
  -1.000241    
  -1.000112    
  -1.000000    
  1.0000000E-10
 -1.9811741E-03
 -2.0505093E-02
 -5.1040530E-02
 -9.0065315E-02
 -0.1315566    
 -0.1734407    
 -0.2172533    
 -0.2620168    
 -0.3075002    
 -0.3533963    
 -0.3994935    
 -0.4455790    
 -0.4914621    
 -0.5368491    
 -0.5812824    
 -0.6246981    
 -0.6674352    
 -0.7096542    
 -0.7511966    
 -0.7916936    
 -0.8307024    
 -0.8678435    
 -0.9025938    
 -0.9338331    
 -0.9602472    
 -0.9800722    
 -0.9933552    
  -1.001553    
  -1.005882    
  -1.007468    
  -1.007267    
  -1.006036    
  -1.004329    
  -1.002537    
  -1.000915    
 -0.9996094    
 -0.9986790    
 -0.9981166    
 -0.9978733    
 -0.9978787    
 -0.9980586    
 -0.9983440    
 -0.9986777    
 -0.9990179    
 -0.9993389    
 -0.9996209    
 -0.9998351    
 -0.9999495    
  -1.000000    
  1.0000000E-10
 -2.5665199E-03
 -2.5510678E-02
 -6.1936706E-02
 -0.1058398    
 -0.1471875    
 -0.1894137    
 -0.2322688    
 -0.2754012    
 -0.3187355    
 -0.3623242    
 -0.4062625    
 -0.4507255    
 -0.4958170    
 -0.5415649    
 -0.5878858    
 -0.6345154    
 -0.6809990    
 -0.7268035    
 -0.7713930    
 -0.8142071    
 -0.8546689    
 -0.8922232    
 -0.9262235    
 -0.9555678    
 -0.9791573    
 -0.9958109    
  -1.006149    
  -1.011771    
  -1.013876    
  -1.013462    
  -1.011348    
  -1.008198    
  -1.004498    
  -1.000675    
 -0.9971042    
 -0.9940450    
 -0.9916553    
 -0.9899786    
 -0.9889972    
 -0.9886469    
 -0.9888362    
 -0.9894662    
 -0.9904481    
 -0.9917377    
 -0.9933763    
 -0.9954080    
 -0.9975685    
 -0.9990558    
  -1.000000    
  1.0000000E-10
 -2.7892464E-03
 -2.3866143E-02
 -5.5739701E-02
 -9.1855168E-02
 -0.1275357    
 -0.1636832    
 -0.2015833    
 -0.2408850    
 -0.2817426    
 -0.3241155    
 -0.3678262    
 -0.4125926    
 -0.4580781    
 -0.5039502    
 -0.5498434    
 -0.5953206    
 -0.6398353    
 -0.6827172    
 -0.7231663    
 -0.7602428    
 -0.7928595    
 -0.8197678    
 -0.8394446    
 -0.8498217    
 -0.8486488    
 -0.8350259    
 -0.8108361    
 -0.7776848    
 -0.7370031    
 -0.6901790    
 -0.6387583    
 -0.5844175    
 -0.5281256    
 -0.4733998    
 -0.4204106    
 -0.3706107    
 -0.3237875    
 -0.2800276    
 -0.2394758    
 -0.2019589    
 -0.1673467    
 -0.1355019    
 -0.1060697    
 -7.7851176E-02
 -5.4201506E-02
 -3.3293571E-02
 -1.6653903E-02
 -2.2734751E-03
  1.0000000E-10
  1.0000000E-10
 -1.8009568E-03
 -1.7776594E-02
 -4.2804293E-02
 -7.1918920E-02
 -0.1044402    
 -0.1368476    
 -0.1716107    
 -0.2078281    
 -0.2455269    
 -0.2845579    
 -0.3247217    
 -0.3657464    
 -0.4072872    
 -0.4489253    
 -0.4901490    
 -0.5303379    
 -0.5687445    
 -0.6044734    
 -0.6364555    
 -0.6634179    
 -0.6838507    
 -0.6959623    
 -0.6976128    
 -0.6862499    
 -0.6592406    
 -0.6172242    
 -0.5646693    
 -0.5046331    
 -0.4404064    
 -0.3756576    
 -0.3153454    
 -0.2615876    
 -0.2168276    
 -0.1761872    
 -0.1411921    
 -0.1089758    
 -8.0332942E-02
 -5.4178968E-02
 -3.2556091E-02
 -1.4444458E-02
  1.5959278E-04
  1.0807232E-02
  1.7145462E-02
  1.9277085E-02
  1.7893868E-02
  1.3718818E-02
  7.6281251E-03
  1.9440159E-03
  1.0000000E-10
  1.0000000E-10
 -8.4247440E-04
 -1.3293922E-02
 -3.3970777E-02
 -5.8773607E-02
 -8.6685851E-02
 -0.1156702    
 -0.1461650    
 -0.1781941    
 -0.2115178    
 -0.2459533    
 -0.2812569    
 -0.3171167    
 -0.3531421    
 -0.3888529    
 -0.4236610    
 -0.4568548    
 -0.4875827    
 -0.5148355    
 -0.5374285    
 -0.5539842    
 -0.5629178    
 -0.5624345    
 -0.5506021    
 -0.5256100    
 -0.4864740    
 -0.4376830    
 -0.3875741    
 -0.3409936    
 -0.3029428    
 -0.2743222    
 -0.2490537    
 -0.2239439    
 -0.1985024    
 -0.1727391    
 -0.1473098    
 -0.1228972    
 -0.1001162    
 -7.9256065E-02
 -5.9900742E-02
 -4.3504894E-02
 -2.9607989E-02
 -1.8130852E-02
 -9.2154853E-03
 -2.9816180E-03
  4.3738604E-04
  1.2495286E-03
  5.6745153E-04
 -3.2054697E-05
  1.0000000E-10
  1.0000000E-10
 -1.8934101E-04
 -9.7730411E-03
 -2.6869895E-02
 -4.8242658E-02
 -7.2056592E-02
 -9.7964793E-02
 -0.1243317    
 -0.1522252    
 -0.1810952    
 -0.2107874    
 -0.2410271    
 -0.2714730    
 -0.3017022    
 -0.3312014    
 -0.3593552    
 -0.3854367    
 -0.4085976    
 -0.4278629    
 -0.4421330    
 -0.4502016    
 -0.4508042    
 -0.4427342    
 -0.4251359    
 -0.3980932    
 -0.3637246    
 -0.3298262    
 -0.3030917    
 -0.2821105    
 -0.2628787    
 -0.2426334    
 -0.2209882    
 -0.1988572    
 -0.1768162    
 -0.1553682    
 -0.1349566    
 -0.1159442    
 -9.8589979E-02
 -8.3072804E-02
 -6.9158249E-02
 -5.6821406E-02
 -4.6071026E-02
 -3.6423318E-02
 -2.7730102E-02
 -1.9811518E-02
 -1.2669348E-02
 -6.6051790E-03
 -2.2447556E-03
 -6.9786933E-05
  1.0000000E-10
  1.0000000E-10
  1.5069981E-04
 -7.1942774E-03
 -2.1305926E-02
 -3.9768312E-02
 -6.0469162E-02
 -8.3111249E-02
 -0.1062851    
 -0.1304295    
 -0.1552967    
 -0.1806402    
 -0.2061627    
 -0.2315035    
 -0.2562267    
 -0.2798178    
 -0.3016801    
 -0.3211336    
 -0.3374175    
 -0.3497011    
 -0.3571095    
 -0.3587790    
 -0.3539668    
 -0.3422697    
 -0.3240486    
 -0.3009940    
 -0.2767002    
 -0.2570784    
 -0.2414384    
 -0.2260712    
 -0.2097672    
 -0.1923572    
 -0.1746014    
 -0.1568534    
 -0.1394565    
 -0.1228343    
 -0.1072589    
 -9.2967823E-02
 -8.0051579E-02
 -6.8617195E-02
 -5.8208153E-02
 -4.9171716E-02
 -4.0919669E-02
 -3.3350136E-02
 -2.6222363E-02
 -1.9399354E-02
 -1.2953317E-02
 -7.2293677E-03
 -2.8243910E-03
 -3.2264908E-04
  1.0000000E-10
  1.0000000E-10
  2.2148759E-04
 -5.6110662E-03
 -1.7519996E-02
 -3.3709645E-02
 -5.2078046E-02
 -7.1911618E-02
 -9.2580415E-02
 -0.1135228    
 -0.1349704    
 -0.1565008    
 -0.1778094    
 -0.1985142    
 -0.2181760    
 -0.2362993    
 -0.2523371    
 -0.2656995    
 -0.2757674    
 -0.2819167    
 -0.2835611    
 -0.2802289    
 -0.2716936    
 -0.2582189    
 -0.2409547    
 -0.2221577    
 -0.2048177    
 -0.1912910    
 -0.1773170    
 -0.1619364    
 -0.1471837    
 -0.1322147    
 -0.1177764    
 -0.1039065    
 -9.0748444E-02
 -7.8646585E-02
 -6.7649744E-02
 -5.7922535E-02
 -4.9376953E-02
 -4.2177085E-02
 -3.5951771E-02
 -3.0641666E-02
 -2.6051749E-02
 -2.1990456E-02
 -1.8182203E-02
 -1.4351093E-02
 -1.0331213E-02
 -6.2400270E-03
 -2.6385461E-03
 -3.7561607E-04
  1.0000000E-10
  1.0000000E-10
  1.2931498E-05
 -5.1285806E-03
 -1.5793564E-02
 -3.0502003E-02
 -4.7263041E-02
 -6.5066084E-02
 -8.3689421E-02
 -0.1021310    
 -0.1207304    
 -0.1389845    
 -0.1565658    
 -0.1730666    
 -0.1880498    
 -0.2010524    
 -0.2115991    
 -0.2192187    
 -0.2234644    
 -0.2239446    
 -0.2203703    
 -0.2126285    
 -0.2008874    
 -0.1857875    
 -0.1687332    
 -0.1517532    
 -0.1367299    
 -0.1235101    
 -0.1075476    
 -9.2400938E-02
 -7.9402208E-02
 -6.6733584E-02
 -5.5200506E-02
 -4.4716667E-02
 -3.5345927E-02
 -2.7390396E-02
 -2.0613819E-02
 -1.5144262E-02
 -1.0910211E-02
 -7.7794818E-03
 -5.5929683E-03
 -4.3039881E-03
 -3.6750587E-03
 -3.5707401E-03
 -3.7454471E-03
 -3.8833183E-03
 -3.6329441E-03
 -2.7801089E-03
 -1.4772159E-03
 -3.4802657E-04
  1.0000000E-10
  1.0000000E-10
 -5.0197478E-04
 -5.8837617E-03
 -1.6426744E-02
 -3.0589715E-02
 -4.6508025E-02
 -6.3089073E-02
 -8.0196470E-02
 -9.6786983E-02
 -0.1130773    
 -0.1285293    
 -0.1427707    
 -0.1553668    
 -0.1658896    
 -0.1739229    
 -0.1790848    
 -0.1810477    
 -0.1795574    
 -0.1744618    
 -0.1657518    
 -0.1536211    
 -0.1385078    
 -0.1211894    
 -0.1030403    
 -8.5374035E-02
 -6.8900175E-02
 -4.9719766E-02
 -3.1625215E-02
 -2.1583507E-02
 -1.0609112E-02
 -2.7842217E-04
  8.7403813E-03
  1.6360566E-02
  2.2441709E-02
  2.7006127E-02
  3.0118065E-02
  3.1782050E-02
  3.2083776E-02
  3.1164758E-02
  2.9233659E-02
  2.6340816E-02
  2.2835955E-02
  1.8773764E-02
  1.4355737E-02
  9.8635079E-03
  5.7473592E-03
  2.5250930E-03
  5.8850832E-04
 -1.3805766E-04
  1.0000000E-10
  1.0000000E-10
 -1.3696348E-03
 -8.0646109E-03
 -1.9782094E-02
 -3.4476236E-02
 -5.0398808E-02
 -6.6517465E-02
 -8.2788236E-02
 -9.8059624E-02
 -0.1125392    
 -0.1255508    
 -0.1366861    
 -0.1454851    
 -0.1515430    
 -0.1545151    
 -0.1541444    
 -0.1502769    
 -0.1428719    
 -0.1320161    
 -0.1179574    
 -0.1011632    
 -8.2242936E-02
 -6.1875422E-02
 -4.1532058E-02
 -2.1372221E-02
 -2.8501709E-03
  2.1341508E-02
  3.7769359E-02
  4.6396125E-02
  5.5701889E-02
  6.4237662E-02
  7.1250238E-02
  7.6561168E-02
  8.0059670E-02
  8.1717521E-02
  8.1580833E-02
  7.9742730E-02
  7.6336853E-02
  7.1532391E-02
  6.5551780E-02
  5.8484320E-02
  5.0920025E-02
  4.2779811E-02
  3.4244139E-02
  2.5466463E-02
  1.6871847E-02
  9.1806902E-03
  3.3820928E-03
  2.4225256E-04
  1.0000000E-10
  1.0000000E-10
 -2.6786828E-03
 -1.1951084E-02
 -2.6342236E-02
 -4.2779863E-02
 -5.9633940E-02
 -7.6133654E-02
 -9.2170313E-02
 -0.1066924    
 -0.1197575    
 -0.1305361    
 -0.1385939    
 -0.1434569    
 -0.1447759    
 -0.1423221    
 -0.1360137    
 -0.1259151    
 -0.1122255    
 -9.5266692E-02
 -7.5466052E-02
 -5.3401586E-02
 -2.9710582E-02
 -5.1008775E-03
  1.8428536E-02
  4.2021509E-02
  6.2759988E-02
  8.5812293E-02
  0.1004637    
  0.1102241    
  0.1188734    
  0.1260590    
  0.1313113    
  0.1344526    
  0.1353927    
  0.1341350    
  0.1307788    
  0.1254983    
  0.1184983    
  0.1100034    
  0.1002330    
  8.9463912E-02
  7.8021452E-02
  6.5933481E-02
  5.3669401E-02
  4.1089959E-02
  2.8351920E-02
  1.6248362E-02
  6.4175203E-03
  6.5988378E-04
  1.0000000E-10
  1.0000000E-10
 -4.5800181E-03
 -1.7954994E-02
 -3.6758900E-02
 -5.6282673E-02
 -7.5066641E-02
 -9.2936903E-02
 -0.1093063    
 -0.1236730    
 -0.1355603    
 -0.1441045    
 -0.1488369    
 -0.1493100    
 -0.1452933    
 -0.1367486    
 -0.1238449    
 -0.1069311    
 -8.6470611E-02
 -6.2891655E-02
 -3.6524821E-02
 -7.9749385E-03
  2.1118639E-02
  5.0855186E-02
  7.7691779E-02
  0.1030978    
  0.1282280    
  0.1477494    
  0.1615930    
  0.1713828    
  0.1791559    
  0.1848109    
  0.1880111    
  0.1885891    
  0.1865066    
  0.1818638    
  0.1748787    
  0.1658578    
  0.1551164    
  0.1429690    
  0.1296875    
  0.1155238    
  0.1006234    
  8.5695356E-02
  6.9827780E-02
  5.3988680E-02
  3.7606128E-02
  2.1686621E-02
  8.6211460E-03
  9.2765299E-04
  1.0000000E-10
  1.0000000E-10
 -7.3090806E-03
 -2.6666081E-02
 -5.1905502E-02
 -7.5950481E-02
 -9.8111711E-02
 -0.1179657    
 -0.1356501    
 -0.1502775    
 -0.1610304    
 -0.1670366    
 -0.1678157    
 -0.1630396    
 -0.1527048    
 -0.1370761    
 -0.1166754    
 -9.2216812E-02
 -6.4388961E-02
 -3.3103392E-02
  6.5287878E-04
  3.6397938E-02
  7.1616821E-02
  0.1053027    
  0.1351606    
  0.1622061    
  0.1883812    
  0.2069680    
  0.2204840    
  0.2297860    
  0.2362146    
  0.2397657    
  0.2401793    
  0.2373356    
  0.2313093    
  0.2223743    
  0.2109426    
  0.1975235    
  0.1825884    
  0.1665830    
  0.1498359    
  0.1325995    
  0.1150338    
  9.7498618E-02
  7.9084635E-02
  5.9930708E-02
  4.0903874E-02
  2.3091866E-02
  9.0158721E-03
  9.2609739E-04
  1.0000000E-10
  1.0000000E-10
 -1.1194680E-02
 -3.8873181E-02
 -7.2936110E-02
 -0.1035400    
 -0.1299090    
 -0.1532019    
 -0.1730844    
 -0.1882283    
 -0.1975811    
 -0.2002809    
 -0.1959488    
 -0.1845433    
 -0.1664555    
 -0.1424034    
 -0.1133779    
 -8.0572046E-02
 -4.4412233E-02
 -4.5320545E-03
  3.7451889E-02
  8.0543496E-02
  0.1210069    
  0.1584126    
  0.1910351    
  0.2196457    
  0.2458376    
  0.2646002    
  0.2773389    
  0.2853532    
  0.2895768    
  0.2899897    
  0.2863993    
  0.2787999    
  0.2674616    
  0.2529148    
  0.2358345    
  0.2170091    
  0.1971033    
  0.1767727    
  0.1563995    
  0.1362475    
  0.1164038    
  9.6600495E-02
  7.4676096E-02
  5.3134512E-02
  3.3841275E-02
  1.7767539E-02
  6.4402032E-03
  4.4115406E-04
  1.0000000E-10
  1.0000000E-10
 -1.6681273E-02
 -5.5644460E-02
 -0.1018795    
 -0.1402591    
 -0.1728589    
 -0.2013229    
 -0.2242327    
 -0.2398718    
 -0.2470063    
 -0.2449194    
 -0.2335844    
 -0.2135157    
 -0.1857357    
 -0.1515961    
 -0.1126558    
 -7.0695460E-02
 -2.4895784E-02
  2.3831503E-02
  7.5023882E-02
  0.1241789    
  0.1695598    
  0.2105113    
  0.2456025    
  0.2774475    
  0.3029127    
  0.3209424    
  0.3319441    
  0.3375115    
  0.3382052    
  0.3339372    
  0.3246368    
  0.3105155    
  0.2921381    
  0.2703633    
  0.2461654    
  0.2206693    
  0.1947021    
  0.1692816    
  0.1447200    
  0.1213693    
  9.8911941E-02
  7.3828980E-02
  5.0176501E-02
  3.0545721E-02
  1.5784942E-02
  6.3643777E-03
  1.3070578E-03
 -4.5363954E-04
  1.0000000E-10
  1.0000000E-10
 -2.4139943E-02
 -7.8687645E-02
 -0.1404738    
 -0.1883389    
 -0.2304983    
 -0.2661359    
 -0.2928105    
 -0.3083385    
 -0.3114878    
 -0.3020611    
 -0.2808407    
 -0.2492957    
 -0.2093699    
 -0.1632255    
 -0.1130747    
 -6.1027415E-02
 -4.8096688E-03
  5.4075181E-02
  0.1129489    
  0.1677493    
  0.2175785    
  0.2616766    
  0.2989663    
  0.3326327    
  0.3576961    
  0.3742882    
  0.3829063    
  0.3847301    
  0.3801156    
  0.3690910    
  0.3519149    
  0.3291793    
  0.3018580    
  0.2711671    
  0.2383353    
  0.2048340    
  0.1714155    
  0.1398287    
  0.1096921    
  8.2038909E-02
  5.1742740E-02
  2.9388245E-02
  1.2637494E-02
  1.5143449E-03
 -3.7828202E-03
 -4.9637379E-03
 -3.3606694E-03
 -1.0633451E-03
  1.0000000E-10
  1.0000000E-10
 -3.3676464E-02
 -0.1102857    
 -0.1896867    
 -0.2517628    
 -0.3078108    
 -0.3531755    
 -0.3840538    
 -0.3977136    
 -0.3935266    
 -0.3726240    
 -0.3373553    
 -0.2906703    
 -0.2357007    
 -0.1755018    
 -0.1129972    
 -4.9780902E-02
  1.7175388E-02
  8.6732410E-02
  0.1517880    
  0.2116665    
  0.2653088    
  0.3119729    
  0.3522437    
  0.3861843    
  0.4104486    
  0.4246484    
  0.4291478    
  0.4248369    
  0.4121608    
  0.3915806    
  0.3639473    
  0.3303702    
  0.2923202    
  0.2512737    
  0.2085290    
  0.1657908    
  0.1231600    
  8.4736332E-02
  4.5172360E-02
  1.5618468E-02
 -2.0784154E-03
 -1.3196663E-02
 -1.9163037E-02
 -2.0113574E-02
 -1.7418198E-02
 -1.2058505E-02
 -5.7433019E-03
 -1.0656395E-03
  1.0000000E-10
  1.0000000E-10
 -4.7208548E-02
 -0.1517244    
 -0.2521171    
 -0.3358304    
 -0.4118819    
 -0.4706134    
 -0.5053941    
 -0.5132306    
 -0.4957282    
 -0.4569410    
 -0.4019227    
 -0.3356458    
 -0.2625134    
 -0.1863149    
 -0.1106140    
 -3.5446342E-02
  4.3510050E-02
  0.1215460    
  0.1921055    
  0.2561931    
  0.3128172    
  0.3615431    
  0.4044940    
  0.4380900    
  0.4603058    
  0.4698665    
  0.4670766    
  0.4529850    
  0.4286007    
  0.3952137    
  0.3545089    
  0.3081543    
  0.2581820    
  0.2058522    
  0.1523918    
  9.9459738E-02
  4.4711392E-02
  1.2687646E-03
 -1.9161144E-02
 -3.0973161E-02
 -3.7335157E-02
 -3.9350346E-02
 -3.7207004E-02
 -3.1491704E-02
 -2.3418589E-02
 -1.4162492E-02
 -5.8078435E-03
 -7.2039361E-04
  1.0000000E-10
  1.0000000E-10
 -6.6698417E-02
 -0.2030913    
 -0.3308295    
 -0.4464703    
 -0.5524536    
 -0.6307517    
 -0.6676589    
 -0.6614332    
 -0.6202969    
 -0.5541034    
 -0.4720136    
 -0.3812312    
 -0.2870288    
 -0.1933760    
 -0.1042130    
 -1.6255030E-02
  7.5994454E-02
  0.1593398    
  0.2343989    
  0.3015731    
  0.3603439    
  0.4131081    
  0.4556115    
  0.4867627    
  0.5033601    
  0.5037581    
  0.4886744    
  0.4600291    
  0.4198822    
  0.3706625    
  0.3148968    
  0.2546724    
  0.1928651    
  0.1285684    
  6.3487232E-02
  1.3786989E-03
 -2.5898008E-02
 -4.0617190E-02
 -4.8871547E-02
 -5.3326324E-02
 -5.3843878E-02
 -5.0496347E-02
 -4.3648522E-02
 -3.4136117E-02
 -2.3329839E-02
 -1.2891985E-02
 -4.7873389E-03
 -3.9956122E-04
  1.0000000E-10
  1.0000000E-10
 -9.1398656E-02
 -0.2640901    
 -0.4281168    
 -0.5882581    
 -0.7418678    
 -0.8530365    
 -0.8878835    
 -0.8503188    
 -0.7679369    
 -0.6607926    
 -0.5430524    
 -0.4231657    
 -0.3059034    
 -0.1943304    
 -9.2292421E-02
  1.2216209E-02
  0.1144459    
  0.2010231    
  0.2791412    
  0.3492826    
  0.4114953    
  0.4624350    
  0.5005249    
  0.5232544    
  0.5267665    
  0.5107596    
  0.4774691    
  0.4297089    
  0.3708082    
  0.3045216    
  0.2334370    
  0.1596842    
  8.8150986E-02
  1.7245201E-02
 -1.9087732E-02
 -3.8925391E-02
 -4.9157336E-02
 -5.5992194E-02
 -5.9904054E-02
 -6.0639799E-02
 -5.7685222E-02
 -5.1222023E-02
 -4.1973118E-02
 -3.1104967E-02
 -2.0105246E-02
 -1.0528889E-02
 -3.6995534E-03
 -2.2989989E-04
  1.0000000E-10
  1.0000000E-10
 -0.1216936    
 -0.3348039    
 -0.5406691    
 -0.7592288    
 -0.9951445    
  -1.172240    
  -1.196348    
  -1.087982    
 -0.9351459    
 -0.7696459    
 -0.6080851    
 -0.4563143    
 -0.3157781    
 -0.1870075    
 -7.0973277E-02
  5.2789718E-02
  0.1585128    
  0.2489229    
  0.3289592    
  0.3971273    
  0.4522711    
  0.4929822    
  0.5168635    
  0.5205179    
  0.5012324    
  0.4612055    
  0.4039677    
  0.3347350    
  0.2581792    
  0.1785233    
  0.1027075    
  3.6993023E-02
 -5.6612268E-03
 -2.9471338E-02
 -4.1350443E-02
 -4.7689520E-02
 -5.1882230E-02
 -5.5746019E-02
 -5.7890814E-02
 -5.7099462E-02
 -5.2811064E-02
 -4.5402873E-02
 -3.5871759E-02
 -2.5557639E-02
 -1.5870400E-02
 -8.0024824E-03
 -2.7133212E-03
 -1.4174523E-04
  1.0000000E-10
  1.0000000E-10
 -0.1732429    
 -0.4246403    
 -0.6686589    
 -0.9453549    
  -1.301143    
  -1.635151    
  -1.658970    
  -1.383153    
  -1.110594    
 -0.8660236    
 -0.6554558    
 -0.4727009    
 -0.3113972    
 -0.1676347    
 -3.2749802E-02
  0.1102058    
  0.2041755    
  0.2822935    
  0.3462522    
  0.3958344    
  0.4302585    
  0.4480340    
  0.4470465    
  0.4248542    
  0.3819348    
  0.3236118    
  0.2555958    
  0.1844766    
  0.1167169    
  5.9129309E-02
  1.2514142E-02
 -1.4649443E-02
 -2.9838940E-02
 -3.6081523E-02
 -3.7747089E-02
 -3.8493913E-02
 -4.0067665E-02
 -4.2571004E-02
 -4.4243611E-02
 -4.3654498E-02
 -4.0139053E-02
 -3.3998247E-02
 -2.6205426E-02
 -1.8036671E-02
 -1.0710185E-02
 -5.1015150E-03
 -1.5977850E-03
 -3.2446955E-05
  1.0000000E-10
  1.0000000E-10
 -0.3157666    
 -0.5359069    
 -0.7368398    
  -1.009105    
  -1.552723    
  -2.393801    
  -2.427482    
  -1.556317    
  -1.104053    
 -0.7871984    
 -0.5518369    
 -0.3669665    
 -0.2165775    
 -9.1639362E-02
  2.0102296E-02
  0.1009022    
  0.1514953    
  0.1900388    
  0.2170079    
  0.2326173    
  0.2369965    
  0.2300822    
  0.2118617    
  0.1828465    
  0.1460565    
  0.1066701    
  6.9592848E-02
  3.8394630E-02
  1.4251232E-02
 -1.4621334E-03
 -1.1717180E-02
 -1.6842369E-02
 -1.9077670E-02
 -1.8720822E-02
 -1.7361987E-02
 -1.6418295E-02
 -1.6592462E-02
 -1.7765364E-02
 -1.8926948E-02
 -1.9162877E-02
 -1.7914921E-02
 -1.5182870E-02
 -1.1450095E-02
 -7.4615236E-03
 -3.9560827E-03
 -1.4585878E-03
 -1.6092800E-04
  1.9953660E-04
  1.0000000E-10
  1.0000000E-10
  1.0000000E-10
  1.0000000E-10
  1.0000000E-10
  1.0000000E-10
  1.0000000E-10
  1.0000000E-10
  1.0000000E-10
  1.0000000E-10
  1.0000000E-10
  1.0000000E-10
  1.0000000E-10
  1.0000000E-10
  1.0000000E-10
  1.0000000E-10
  1.0000000E-10
  1.0000000E-10
  1.0000000E-10
  1.0000000E-10
  1.0000000E-10
  1.0000000E-10
  1.0000000E-10
  1.0000000E-10
  1.0000000E-10
  1.0000000E-10
  1.0000000E-10
  1.0000000E-10
  1.0000000E-10
  1.0000000E-10
  1.0000000E-10
  1.0000000E-10
  1.0000000E-10
  1.0000000E-10
  1.0000000E-10
  1.0000000E-10
  1.0000000E-10
  1.0000000E-10
  1.0000000E-10
  1.0000000E-10
  1.0000000E-10
  1.0000000E-10
  1.0000000E-10
  1.0000000E-10
  1.0000000E-10
  1.0000000E-10
  1.0000000E-10
  1.0000000E-10
  1.0000000E-10
  1.0000000E-10
  1.0000000E-10
